
1.000000000000612;

0.4562380551897028;

0.07666484034276125;

-0.1754754697184726;

-0.3302526752317055;

-0.4120467199997045;

-0.4404266771874847;

-0.4309224945146319;

-0.3956989784685648;

-0.3441410347874959;

-0.2833587199999567;

-0.2186201964267863;

-0.1537202205947733;

-0.09129133261304241;

-0.03306445161738849;

0.01991487999988573;

0.06710882332170125;

0.1083428227263189;

0.1436895833815854;

0.1733770533878209;

0.1977164800003009;

0.2170470717471498;

0.2316942607190423;

0.2419390216881037;

0.247996167178962;

0.2499999999998889;

0.247996167178962;

0.2419390216881037;

0.2316942607190423;

0.2170470717471498;

0.1977164800003009;

0.1733770533878209;

0.1436895833815854;

0.1083428227263189;

0.06710882332170125;

0.01991487999988573;

-0.03306445161738849;

-0.09129133261304241;

-0.1537202205947733;

-0.2186201964267863;

-0.2833587199999567;

-0.3441410347874959;

-0.3956989784685648;

-0.4309224945146319;

-0.4404266771874847;

-0.4120467199997045;

-0.3302526752317055;

-0.1754754697184726;

0.07666484034276125;

0.4562380551897028;

0.4562380551897028;

0.0632794443150888;

-0.1932009297924181;

-0.3459523051513001;

-0.4214875752079463;

-0.4410430415959128;

-0.421422602687866;

-0.3757363199998311;

-0.3140428421118675;

-0.2439047033123148;

-0.1708650518001293;

-0.09885389980918169;

-0.03053152563210332;

0.03242380492824455;

0.08907709254424442;

0.1390405911050435;

0.1823147469322603;

0.2191607726079202;

0.2499999999998889;

0.2753356194644223;

0.2956928746405597;

0.3115742446747668;

0.3234266081278016;

0.3316178452480772;

0.3364207977053306;

0.3380029673178228;

0.3364207977053306;

0.3316178452480772;

0.3234266081278016;

0.3115742446747668;

0.2956928746405597;

0.2753356194644223;

0.2499999999998889;

0.2191607726079202;

0.1823147469322603;

0.1390405911050435;

0.08907709254424442;

0.03242380492824455;

-0.03053152563210332;

-0.09885389980918169;

-0.1708650518001293;

-0.2439047033123148;

-0.3140428421118675;

-0.3757363199998311;

-0.421422602687866;

-0.4410430415959128;

-0.4214875752079463;

-0.3459523051513001;

-0.1932009297924181;

0.0632794443150888;

0.07666484034276125;

-0.1932009297924181;

-0.3508872085967185;

-0.4254752937130014;

-0.4402340126721368;

-0.4135445462762931;

-0.3597112401914153;

-0.2896683468104074;

-0.2115921770388125;

-0.1314276792319111;

-0.05333800011033032;

0.01991487999988573;

0.08665080760230227;

0.1460062446174625;

0.1977164800003009;

0.2419390216881037;

0.2791123886079653;

0.3098449848843519;

0.3348292008213456;

0.3547763476481209;

0.3703684954387063;

0.3822237460479641;

0.3908719353068969;

0.3967382211739755;

0.4001324769279887;

0.4012428709345766;

0.4001324769279887;

0.3967382211739755;

0.3908719353068969;

0.3822237460479641;

0.3703684954387063;

0.3547763476481209;

0.3348292008213456;

0.3098449848843519;

0.2791123886079653;

0.2419390216881037;

0.1977164800003009;

0.1460062446174625;

0.08665080760230227;

0.01991487999988573;

-0.05333800011033032;

-0.1314276792319111;

-0.2115921770388125;

-0.2896683468104074;

-0.3597112401914153;

-0.4135445462762931;

-0.4402340126721368;

-0.4254752937130014;

-0.3508872085967185;

-0.1932009297924181;

-0.1754754697184726;

-0.3459523051513001;

-0.4254752937130014;

-0.4397745503730416;

-0.4091667199996049;

-0.3494463577258975;

-0.2726647838722187;

-0.1878063555020807;

-0.1013716342586328;

-0.01787646771249473;

0.05972446097743598;

0.12968152268786;

0.1911538413028649;

0.2439656344651003;

0.2884084910079996;

0.3250833423596229;

0.3547763476481209;

0.3783633746527775;

0.3967382211739755;

0.4107601838082553;

0.4212170435412509;

0.4287999999999923;

0.4340875486117629;

0.4375357573562809;

0.439472862207962;

0.4400965627935784;

0.439472862207962;

0.4375357573562809;

0.4340875486117629;

0.4287999999999923;

0.4212170435412509;

0.4107601838082553;

0.3967382211739755;

0.3783633746527775;

0.3547763476481209;

0.3250833423596229;

0.2884084910079996;

0.2439656344651003;

0.1911538413028649;

0.12968152268786;

0.05972446097743598;

-0.01787646771249473;

-0.1013716342586328;

-0.1878063555020807;

-0.2726647838722187;

-0.3494463577258975;

-0.4091667199996049;

-0.4397745503730416;

-0.4254752937130014;

-0.3459523051513001;

-0.3302526752317055;

-0.4214875752079463;

-0.4402340126721368;

-0.4091667199996049;

-0.3459219768404124;

-0.2639570338172758;

-0.1732984310794077;

-0.08118915379215552;

0.007355895808097436;

0.08907709254424442;

0.1620713938154136;

0.2254596641207259;

0.2791123886079653;

0.3234266081278016;

0.3591473706633677;

0.3872274564335025;

0.4087195964080303;

0.4246958663680844;

0.436189401087945;

0.4441540356294178;

0.4494379431558002;

0.4527678011097036;

0.4547404800000422;

0.4558197114881455;

0.4563356548661536;

0.4564857434554829;

0.4563356548661536;

0.4558197114881455;

0.4547404800000422;

0.4527678011097036;

0.4494379431558002;

0.4441540356294178;

0.436189401087945;

0.4246958663680844;

0.4087195964080303;

0.3872274564335025;

0.3591473706633677;

0.3234266081278016;

0.2791123886079653;

0.2254596641207259;

0.1620713938154136;

0.08907709254424442;

0.007355895808097436;

-0.08118915379215552;

-0.1732984310794077;

-0.2639570338172758;

-0.3459219768404124;

-0.4091667199996049;

-0.4402340126721368;

-0.4214875752079463;

-0.4120467199997045;

-0.4410430415959128;

-0.4135445462762931;

-0.3494463577258975;

-0.2639570338172758;

-0.1684275200002067;

-0.07107035179080247;

0.02242095158401808;

0.1083428227263189;

0.1845338935654711;

0.2499999999998889;

0.3046038513124954;

0.3488117343799217;

0.3834900851458493;

0.409745222233345;

0.4287999999999923;

0.4419016007630006;

0.4502551483384223;

0.4549782874637333;

0.4570723360964126;

0.4574060799998903;

0.4567087414509427;

0.4555691163269453;

0.4544383362530831;

0.4536341749055029;

0.4533452799999447;

0.4536341749055029;

0.4544383362530831;

0.4555691163269453;

0.4567087414509427;

0.4574060799998903;

0.4570723360964126;

0.4549782874637333;

0.4502551483384223;

0.4419016007630006;

0.4287999999999923;

0.409745222233345;

0.3834900851458493;

0.3488117343799217;

0.3046038513124954;

0.2499999999998889;

0.1845338935654711;

0.1083428227263189;

0.02242095158401808;

-0.07107035179080247;

-0.1684275200002067;

-0.2639570338172758;

-0.3494463577258975;

-0.4135445462762931;

-0.4410430415959128;

-0.4404266771874847;

-0.421422602687866;

-0.3597112401914153;

-0.2726647838722187;

-0.1732984310794077;

-0.07107035179080247;

0.0274268046818198;

0.1178729236479851;

0.1977164800003009;

0.2657506169598684;

0.3217606938001477;

0.366235210149009;

0.4001324769279887;

0.4246958663680844;

0.4413109359935206;

0.451398183873601;

0.4563356548661536;

0.4574060799998903;

0.4557636935679553;

0.4524163349167657;

0.4482189043500021;

0.4438747049772414;

0.4399416647680563;

0.4368408954880179;

0.434865507618017;

0.4341880627805903;

0.434865507618017;

0.4368408954880179;

0.4399416647680563;

0.4438747049772414;

0.4482189043500021;

0.4524163349167657;

0.4557636935679553;

0.4574060799998903;

0.4563356548661536;

0.451398183873601;

0.4413109359935206;

0.4246958663680844;

0.4001324769279887;

0.366235210149009;

0.3217606938001477;

0.2657506169598684;

0.1977164800003009;

0.1178729236479851;

0.0274268046818198;

-0.07107035179080247;

-0.1732984310794077;

-0.2726647838722187;

-0.3597112401914153;

-0.421422602687866;

-0.4309224945146319;

-0.3757363199998311;

-0.2896683468104074;

-0.1878063555020807;

-0.08118915379215552;

0.02242095158401808;

0.1178729236479851;

0.2020590624965572;

0.2734348915130423;

0.3316178452480772;

0.3770562041561725;

0.4107601838082553;

0.4340875486117629;

0.4485765825036942;

0.4558197114881455;

0.4573715353306153;

0.4546854881279918;

0.4490738099027818;

0.4416859737899503;

0.4335011758080606;

0.4253309566271293;

0.4178284871679643;

0.4115015122893998;

0.4067264092438746;

0.4037612800001043;

0.4027564589580544;

0.4037612800001043;

0.4067264092438746;

0.4115015122893998;

0.4178284871679643;

0.4253309566271293;

0.4335011758080606;

0.4416859737899503;

0.4490738099027818;

0.4546854881279918;

0.4573715353306153;

0.4558197114881455;

0.4485765825036942;

0.4340875486117629;

0.4107601838082553;

0.3770562041561725;

0.3316178452480772;

0.2734348915130423;

0.2020590624965572;

0.1178729236479851;

0.02242095158401808;

-0.08118915379215552;

-0.1878063555020807;

-0.2896683468104074;

-0.3757363199998311;

-0.3956989784685648;

-0.3140428421118675;

-0.2115921770388125;

-0.1013716342586328;

0.007355895808097436;

0.1083428227263189;

0.1977164800003009;

0.2734348915130423;

0.3348292008213456;

0.3822237460479641;

0.4166252255839192;

0.439472862207962;

0.4524419356623614;

0.4572935161396336;

0.4557636935679553;

0.449486059990229;

0.4399416647680563;

0.4284311247535864;

0.4160640340001313;

0.4037612800001043;

0.3922663358660935;

0.382162060287942;

0.3738899995230619;

0.3677696480985342;

0.364015587328006;

0.3627508831633377;

0.364015587328006;

0.3677696480985342;

0.3738899995230619;

0.382162060287942;

0.3922663358660935;

0.4037612800001043;

0.4160640340001313;

0.4284311247535864;

0.4399416647680563;

0.449486059990229;

0.4557636935679553;

0.4572935161396336;

0.4524419356623614;

0.439472862207962;

0.4166252255839192;

0.3822237460479641;

0.3348292008213456;

0.2734348915130423;

0.1977164800003009;

0.1083428227263189;

0.007355895808097436;

-0.1013716342586328;

-0.2115921770388125;

-0.3140428421118675;

-0.3441410347874959;

-0.2439047033123148;

-0.1314276792319111;

-0.01787646771249473;

0.08907709254424442;

0.1845338935654711;

0.2657506169598684;

0.3316178452480772;

0.3822237460479641;

0.4184943118778483;

0.4419016007630006;

0.4542318852702585;

0.4574060799998903;

0.4533452799999447;

0.4438747049772414;

0.4306598066127016;

0.4151687587053231;

0.3986560122879836;

0.382162060287942;

0.3665250187214208;

0.3524000938344226;

0.3402834670256076;

0.3305375918080444;

0.3234153594880387;

0.3190810526630148;

0.3176264680603697;

0.3190810526630148;

0.3234153594880387;

0.3305375918080444;

0.3402834670256076;

0.3524000938344226;

0.3665250187214208;

0.382162060287942;

0.3986560122879836;

0.4151687587053231;

0.4306598066127016;

0.4438747049772414;

0.4533452799999447;

0.4574060799998903;

0.4542318852702585;

0.4419016007630006;

0.4184943118778483;

0.3822237460479641;

0.3316178452480772;

0.2657506169598684;

0.1845338935654711;

0.08907709254424442;

-0.01787646771249473;

-0.1314276792319111;

-0.2439047033123148;

-0.2833587199999567;

-0.1708650518001293;

-0.05333800011033032;

0.05972446097743598;

0.1620713938154136;

0.2499999999998889;

0.3217606938001477;

0.3770562041561725;

0.4166252255839192;

0.4419016007630006;

0.4547404800000422;

0.4572033651785367;

0.4513944082383673;

0.4393407966363687;

0.4229105206755807;

0.4037612800001043;

0.3833147489845069;

0.3627508831633377;

0.3430174112678126;

0.3248501198634969;

0.3087999999999664;

0.2952637877076137;

0.2845148925985243;

0.2767321712509115;

0.2720244644773746;

0.2704492800000107;

0.2720244644773746;

0.2767321712509115;

0.2845148925985243;

0.2952637877076137;

0.3087999999999664;

0.3248501198634969;

0.3430174112678126;

0.3627508831633377;

0.3833147489845069;

0.4037612800001043;

0.4229105206755807;

0.4393407966363687;

0.4513944082383673;

0.4572033651785367;

0.4547404800000422;

0.4419016007630006;

0.4166252255839192;

0.3770562041561725;

0.3217606938001477;

0.2499999999998889;

0.1620713938154136;

0.05972446097743598;

-0.05333800011033032;

-0.1708650518001293;

-0.2186201964267863;

-0.09885389980918169;

0.01991487999988573;

0.12968152268786;

0.2254596641207259;

0.3046038513124954;

0.366235210149009;

0.4107601838082553;

0.439472862207962;

0.4542318852702585;

0.4572033651785367;

0.450661735255148;

0.4368408954880179;

0.4178284871679643;

0.3954965915189864;

0.3714626096201988;

0.3470745433489657;

0.3234153594880387;

0.3013215815679856;

0.2814117164351177;

0.2641205849571405;

0.2497360887021601;

0.2384354068479978;

0.2303180800000055;

0.2254339000189135;

0.2238039873814645;

0.2254339000189135;

0.2303180800000055;

0.2384354068479978;

0.2497360887021601;

0.2641205849571405;

0.2814117164351177;

0.3013215815679856;

0.3234153594880387;

0.3470745433489657;

0.3714626096201988;

0.3954965915189864;

0.4178284871679643;

0.4368408954880179;

0.450661735255148;

0.4572033651785367;

0.4542318852702585;

0.439472862207962;

0.4107601838082553;

0.366235210149009;

0.3046038513124954;

0.2254596641207259;

0.12968152268786;

0.01991487999988573;

-0.09885389980918169;

-0.1537202205947733;

-0.03053152563210332;

0.08665080760230227;

0.1911538413028649;

0.2791123886079653;

0.3488117343799217;

0.4001324769279887;

0.4340875486117629;

0.4524419356623614;

0.4574060799998903;

0.4513944082383673;

0.4368408954880179;

0.4160640340001313;

0.3911740391045922;

0.364015587328006;

0.3361398439887197;

0.3087999999999664;

0.2829650000232151;

0.2593466065420218;

0.2384354068479978;

0.22054183235093;

0.2058387220479699;

0.1944024244093087;

0.1862498943582358;

0.181369704447991;

0.179745351756994;

0.181369704447991;

0.1862498943582358;

0.1944024244093087;

0.2058387220479699;

0.22054183235093;

0.2384354068479978;

0.2593466065420218;

0.2829650000232151;

0.3087999999999664;

0.3361398439887197;

0.364015587328006;

0.3911740391045922;

0.4160640340001313;

0.4368408954880179;

0.4513944082383673;

0.4574060799998903;

0.4524419356623614;

0.4340875486117629;

0.4001324769279887;

0.3488117343799217;

0.2791123886079653;

0.1911538413028649;

0.08665080760230227;

-0.03053152563210332;

-0.09129133261304241;

0.03242380492824455;

0.1460062446174625;

0.2439656344651003;

0.3234266081278016;

0.3834900851458493;

0.4246958663680844;

0.4485765825036942;

0.4572935161396336;

0.4533452799999447;

0.4393407966363687;

0.4178284871679643;

0.3911740391045922;

0.3614795857133096;

0.3305375918080444;

0.2998132032667842;

0.2704492800000107;

0.2432887945167078;

0.2189097406578944;

0.1976681594880155;

0.179745351756994;

0.1651958087679952;

0.1539928559075342;

0.1460694655172611;

0.1413521582080052;

0.1397863741390916;

0.1413521582080052;

0.1460694655172611;

0.1539928559075342;

0.1651958087679952;

0.179745351756994;

0.1976681594880155;

0.2189097406578944;

0.2432887945167078;

0.2704492800000107;

0.2998132032667842;

0.3305375918080444;

0.3614795857133096;

0.3911740391045922;

0.4178284871679643;

0.4393407966363687;

0.4533452799999447;

0.4572935161396336;

0.4485765825036942;

0.4246958663680844;

0.3834900851458493;

0.3234266081278016;

0.2439656344651003;

0.1460062446174625;

0.03242380492824455;

-0.03306445161738849;

0.08907709254424442;

0.1977164800003009;

0.2884084910079996;

0.3591473706633677;

0.409745222233345;

0.4413109359935206;

0.4558197114881455;

0.4557636935679553;

0.4438747049772414;

0.4229105206755807;

0.3954965915189864;

0.364015587328006;

0.3305375918080444;

0.2967842441985949;

0.2641205849571405;

0.2335688251998087;

0.2058387220479699;

0.181369704447991;

0.1603803564556371;

0.1429213273980842;

0.1289282007482467;

0.1182713159680154;

0.1107999999999994;

0.1063791275081755;

0.1049163913904065;

0.1063791275081755;

0.1107999999999994;

0.1182713159680154;

0.1289282007482467;

0.1429213273980842;

0.1603803564556371;

0.181369704447991;

0.2058387220479699;

0.2335688251998087;

0.2641205849571405;

0.2967842441985949;

0.3305375918080444;

0.364015587328006;

0.3954965915189864;

0.4229105206755807;

0.4438747049772414;

0.4557636935679553;

0.4558197114881455;

0.4413109359935206;

0.409745222233345;

0.3591473706633677;

0.2884084910079996;

0.1977164800003009;

0.08907709254424442;

0.01991487999988573;

0.1390405911050435;

0.2419390216881037;

0.3250833423596229;

0.3872274564335025;

0.4287999999999923;

0.451398183873601;

0.4573715353306153;

0.449486059990229;

0.4306598066127016;

0.4037612800001043;

0.3714626096201988;

0.3361398439887197;

0.2998132032667842;

0.2641205849571405;

0.2303180800000055;

0.19930171899413;

0.1716451306897302;

0.147648257322199;

0.1273927337771036;

0.1107999999999994;

0.09768867848519916;

0.08782821110087391;

0.08098621192929174;

0.07696745522298569;

0.0756428799999964;

0.07696745522298569;

0.08098621192929174;

0.08782821110087391;

0.09768867848519916;

0.1107999999999994;

0.1273927337771036;

0.147648257322199;

0.1716451306897302;

0.19930171899413;

0.2303180800000055;

0.2641205849571405;

0.2998132032667842;

0.3361398439887197;

0.3714626096201988;

0.4037612800001043;

0.4306598066127016;

0.449486059990229;

0.4573715353306153;

0.451398183873601;

0.4287999999999923;

0.3872274564335025;

0.3250833423596229;

0.2419390216881037;

0.1390405911050435;

0.06710882332170125;

0.1823147469322603;

0.2791123886079653;

0.3547763476481209;

0.4087195964080303;

0.4419016007630006;

0.4563356548661536;

0.4546854881279918;

0.4399416647680563;

0.4151687587053231;

0.3833147489845069;

0.3470745433489657;

0.3087999999999664;

0.2704492800000107;

0.2335688251998087;

0.19930171899413;

0.1684166496288634;

0.1413521582080052;

0.1182713159680154;

0.09912243781140882;

0.08370190151189162;

0.07171560442593193;

0.0628360519680039;

0.05675253452799779;

0.05321231193211014;

0.05205118696980641;

0.05321231193211014;

0.05675253452799779;

0.0628360519680039;

0.07171560442593193;

0.08370190151189162;

0.09912243781140882;

0.1182713159680154;

0.1413521582080052;

0.1684166496288634;

0.19930171899413;

0.2335688251998087;

0.2704492800000107;

0.3087999999999664;

0.3470745433489657;

0.3833147489845069;

0.4151687587053231;

0.4399416647680563;

0.4546854881279918;

0.4563356548661536;

0.4419016007630006;

0.4087195964080303;

0.3547763476481209;

0.2791123886079653;

0.1823147469322603;

0.1083428227263189;

0.2191607726079202;

0.3098449848843519;

0.3783633746527775;

0.4246958663680844;

0.4502551483384223;

0.4574060799998903;

0.4490738099027818;

0.4284311247535864;

0.3986560122879836;

0.3627508831633377;

0.3234153594880387;

0.2829650000232151;

0.2432887945167078;

0.2058387220479699;

0.1716451306897302;

0.1413521582080052;

0.1152678759497758;

0.09342430048583912;

0.0756428799999964;

0.06160152483758187;

0.05089971404799885;

0.04311867217837682;

0.03787407299706853;

0.03485918924800244;

0.03387686995886108;

0.03485918924800244;

0.03787407299706853;

0.04311867217837682;

0.05089971404799885;

0.06160152483758187;

0.0756428799999964;

0.09342430048583912;

0.1152678759497758;

0.1413521582080052;

0.1716451306897302;

0.2058387220479699;

0.2432887945167078;

0.2829650000232151;

0.3234153594880387;

0.3627508831633377;

0.3986560122879836;

0.4284311247535864;

0.4490738099027818;

0.4574060799998903;

0.4502551483384223;

0.4246958663680844;

0.3783633746527775;

0.3098449848843519;

0.2191607726079202;

0.1436895833815854;

0.2499999999998889;

0.3348292008213456;

0.3967382211739755;

0.436189401087945;

0.4549782874637333;

0.4557636935679553;

0.4416859737899503;

0.4160640340001313;

0.382162060287942;

0.3430174112678126;

0.3013215815679856;

0.2593466065420218;

0.2189097406578944;

0.181369704447991;

0.147648257322199;

0.1182713159680154;

0.09342430048583912;

0.07301685282734585;

0.05675253452799779;

0.04419957314683034;

0.03485918924800244;

0.0282284981813229;

0.02385544334049302;

0.02138368000000187;

0.02058579125370954;

0.02138368000000187;

0.02385544334049302;

0.0282284981813229;

0.03485918924800244;

0.04419957314683034;

0.05675253452799779;

0.07301685282734585;

0.09342430048583912;

0.1182713159680154;

0.147648257322199;

0.181369704447991;

0.2189097406578944;

0.2593466065420218;

0.3013215815679856;

0.3430174112678126;

0.382162060287942;

0.4160640340001313;

0.4416859737899503;

0.4557636935679553;

0.4549782874637333;

0.436189401087945;

0.3967382211739755;

0.3348292008213456;

0.2499999999998889;

0.1733770533878209;

0.2753356194644223;

0.3547763476481209;

0.4107601838082553;

0.4441540356294178;

0.4570723360964126;

0.4524163349167657;

0.4335011758080606;

0.4037612800001043;

0.3665250187214208;

0.3248501198634969;

0.2814117164351177;

0.2384354068479978;

0.1976681594880155;

0.1603803564556371;

0.1273927337771036;

0.09912243781140882;

0.0756428799999964;

0.05675253452799779;

0.04204828588769248;

0.03099939575726194;

0.02301862102958226;

0.01752747724800097;

0.0140131041279997;

0.01207465226567681;

0.01145757255598122;

0.01207465226567681;

0.0140131041279997;

0.01752747724800097;

0.02301862102958226;

0.03099939575726194;

0.04204828588769248;

0.05675253452799779;

0.0756428799999964;

0.09912243781140882;

0.1273927337771036;

0.1603803564556371;

0.1976681594880155;

0.2384354068479978;

0.2814117164351177;

0.3248501198634969;

0.3665250187214208;

0.4037612800001043;

0.4335011758080606;

0.4524163349167657;

0.4570723360964126;

0.4441540356294178;

0.4107601838082553;

0.3547763476481209;

0.2753356194644223;

0.1977164800003009;

0.2956928746405597;

0.3703684954387063;

0.4212170435412509;

0.4494379431558002;

0.4574060799998903;

0.4482189043500021;

0.4253309566271293;

0.3922663358660935;

0.3524000938344226;

0.3087999999999664;

0.2641205849571405;

0.22054183235093;

0.179745351756994;

0.1429213273980842;

0.1107999999999994;

0.08370190151189162;

0.06160152483758187;

0.04419957314683034;

0.03099939575726194;

0.02138368000000187;

0.01468793090375615;

0.01026773295431698;

0.007557250608332931;

0.006116886662348731;

0.005668479999999777;

0.006116886662348731;

0.007557250608332931;

0.01026773295431698;

0.01468793090375615;

0.02138368000000187;

0.03099939575726194;

0.04419957314683034;

0.06160152483758187;

0.08370190151189162;

0.1107999999999994;

0.1429213273980842;

0.179745351756994;

0.22054183235093;

0.2641205849571405;

0.3087999999999664;

0.3524000938344226;

0.3922663358660935;

0.4253309566271293;

0.4482189043500021;

0.4574060799998903;

0.4494379431558002;

0.4212170435412509;

0.3703684954387063;

0.2956928746405597;

0.2170470717471498;

0.3115742446747668;

0.3822237460479641;

0.4287999999999923;

0.4527678011097036;

0.4567087414509427;

0.4438747049772414;

0.4178284871679643;

0.382162060287942;

0.3402834670256076;

0.2952637877076137;

0.2497360887021601;

0.2058387220479699;

0.1651958087679952;

0.1289282007482467;

0.09768867848519916;

0.07171560442593193;

0.05089971404799885;

0.03485918924800244;

0.02301862102958226;

0.01468793090375615;

0.009137782836428621;

0.005668479999999777;

0.003669803007999926;

0.002669708733644776;

0.002370271235276816;

0.002669708733644776;

0.003669803007999926;

0.005668479999999777;

0.009137782836428621;

0.01468793090375615;

0.02301862102958226;

0.03485918924800244;

0.05089971404799885;

0.07171560442593193;

0.09768867848519916;

0.1289282007482467;

0.1651958087679952;

0.2058387220479699;

0.2497360887021601;

0.2952637877076137;

0.3402834670256076;

0.382162060287942;

0.4178284871679643;

0.4438747049772414;

0.4567087414509427;

0.4527678011097036;

0.4287999999999923;

0.3822237460479641;

0.3115742446747668;

0.2316942607190423;

0.3234266081278016;

0.3908719353068969;

0.4340875486117629;

0.4547404800000422;

0.4555691163269453;

0.4399416647680563;

0.4115015122893998;

0.3738899995230619;

0.3305375918080444;

0.2845148925985243;

0.2384354068479978;

0.1944024244093087;

0.1539928559075342;

0.1182713159680154;

0.08782821110087391;

0.0628360519680039;

0.04311867217837682;

0.0282284981813229;

0.01752747724800097;

0.01026773295431698;

0.005668479999999777;

0.002986192620748787;

0.001575483272396892;

9.386106879999818E-4;

7.619988307968269E-4;

9.386106879999818E-4;

0.001575483272396892;

0.002986192620748787;

0.005668479999999777;

0.01026773295431698;

0.01752747724800097;

0.0282284981813229;

0.04311867217837682;

0.0628360519680039;

0.08782821110087391;

0.1182713159680154;

0.1539928559075342;

0.1944024244093087;

0.2384354068479978;

0.2845148925985243;

0.3305375918080444;

0.3738899995230619;

0.4115015122893998;

0.4399416647680563;

0.4555691163269453;

0.4547404800000422;

0.4340875486117629;

0.3908719353068969;

0.3234266081278016;

0.2419390216881037;

0.3316178452480772;

0.3967382211739755;

0.4375357573562809;

0.4558197114881455;

0.4544383362530831;

0.4368408954880179;

0.4067264092438746;

0.3677696480985342;

0.3234153594880387;

0.2767321712509115;

0.2303180800000055;

0.1862498943582358;

0.1460694655172611;

0.1107999999999994;

0.08098621192929174;

0.05675253452799779;

0.03787407299706853;

0.02385544334049302;

0.0140131041279997;

0.007557250608332931;

0.003669803007999926;

0.001575483272396892;

6.034369282048124E-4;

2.373191679999952E-4;

1.522266800128012E-4;

2.373191679999952E-4;

6.034369282048124E-4;

0.001575483272396892;

0.003669803007999926;

0.007557250608332931;

0.0140131041279997;

0.02385544334049302;

0.03787407299706853;

0.05675253452799779;

0.08098621192929174;

0.1107999999999994;

0.1460694655172611;

0.1862498943582358;

0.2303180800000055;

0.2767321712509115;

0.3234153594880387;

0.3677696480985342;

0.4067264092438746;

0.4368408954880179;

0.4544383362530831;

0.4558197114881455;

0.4375357573562809;

0.3967382211739755;

0.3316178452480772;

0.247996167178962;

0.3364207977053306;

0.4001324769279887;

0.439472862207962;

0.4563356548661536;

0.4536341749055029;

0.434865507618017;

0.4037612800001043;

0.364015587328006;

0.3190810526630148;

0.2720244644773746;

0.2254339000189135;

0.181369704447991;

0.1413521582080052;

0.1063791275081755;

0.07696745522298569;

0.05321231193211014;

0.03485918924800244;

0.02138368000000187;

0.01207465226567681;

0.006116886662348731;

0.002669708733644776;

9.386106879999818E-4;

2.373191679999952E-4;

3.822815150080032E-5;

9.578507468800075E-6;

3.822815150080032E-5;

2.373191679999952E-4;

9.386106879999818E-4;

0.002669708733644776;

0.006116886662348731;

0.01207465226567681;

0.02138368000000187;

0.03485918924800244;

0.05321231193211014;

0.07696745522298569;

0.1063791275081755;

0.1413521582080052;

0.181369704447991;

0.2254339000189135;

0.2720244644773746;

0.3190810526630148;

0.364015587328006;

0.4037612800001043;

0.434865507618017;

0.4536341749055029;

0.4563356548661536;

0.439472862207962;

0.4001324769279887;

0.3364207977053306;

0.2499999999998889;

0.3380029673178228;

0.4012428709345766;

0.4400965627935784;

0.4564857434554829;

0.4533452799999447;

0.4341880627805903;

0.4027564589580544;

0.3627508831633377;

0.3176264680603697;

0.2704492800000107;

0.2238039873814645;

0.179745351756994;

0.1397863741390916;

0.1049163913904065;

0.0756428799999964;

0.05205118696980641;

0.03387686995886108;

0.02058579125370954;

0.01145757255598122;

0.005668479999999777;

0.002370271235276816;

7.619988307968269E-4;

1.522266800128012E-4;

9.578507468800075E-6;

0.0;

9.578507468800075E-6;

1.522266800128012E-4;

7.619988307968269E-4;

0.002370271235276816;

0.005668479999999777;

0.01145757255598122;

0.02058579125370954;

0.03387686995886108;

0.05205118696980641;

0.0756428799999964;

0.1049163913904065;

0.1397863741390916;

0.179745351756994;

0.2238039873814645;

0.2704492800000107;

0.3176264680603697;

0.3627508831633377;

0.4027564589580544;

0.4341880627805903;

0.4533452799999447;

0.4564857434554829;

0.4400965627935784;

0.4012428709345766;

0.3380029673178228;

0.247996167178962;

0.3364207977053306;

0.4001324769279887;

0.439472862207962;

0.4563356548661536;

0.4536341749055029;

0.434865507618017;

0.4037612800001043;

0.364015587328006;

0.3190810526630148;

0.2720244644773746;

0.2254339000189135;

0.181369704447991;

0.1413521582080052;

0.1063791275081755;

0.07696745522298569;

0.05321231193211014;

0.03485918924800244;

0.02138368000000187;

0.01207465226567681;

0.006116886662348731;

0.002669708733644776;

9.386106879999818E-4;

2.373191679999952E-4;

3.822815150080032E-5;

9.578507468800075E-6;

3.822815150080032E-5;

2.373191679999952E-4;

9.386106879999818E-4;

0.002669708733644776;

0.006116886662348731;

0.01207465226567681;

0.02138368000000187;

0.03485918924800244;

0.05321231193211014;

0.07696745522298569;

0.1063791275081755;

0.1413521582080052;

0.181369704447991;

0.2254339000189135;

0.2720244644773746;

0.3190810526630148;

0.364015587328006;

0.4037612800001043;

0.434865507618017;

0.4536341749055029;

0.4563356548661536;

0.439472862207962;

0.4001324769279887;

0.3364207977053306;

0.2419390216881037;

0.3316178452480772;

0.3967382211739755;

0.4375357573562809;

0.4558197114881455;

0.4544383362530831;

0.4368408954880179;

0.4067264092438746;

0.3677696480985342;

0.3234153594880387;

0.2767321712509115;

0.2303180800000055;

0.1862498943582358;

0.1460694655172611;

0.1107999999999994;

0.08098621192929174;

0.05675253452799779;

0.03787407299706853;

0.02385544334049302;

0.0140131041279997;

0.007557250608332931;

0.003669803007999926;

0.001575483272396892;

6.034369282048124E-4;

2.373191679999952E-4;

1.522266800128012E-4;

2.373191679999952E-4;

6.034369282048124E-4;

0.001575483272396892;

0.003669803007999926;

0.007557250608332931;

0.0140131041279997;

0.02385544334049302;

0.03787407299706853;

0.05675253452799779;

0.08098621192929174;

0.1107999999999994;

0.1460694655172611;

0.1862498943582358;

0.2303180800000055;

0.2767321712509115;

0.3234153594880387;

0.3677696480985342;

0.4067264092438746;

0.4368408954880179;

0.4544383362530831;

0.4558197114881455;

0.4375357573562809;

0.3967382211739755;

0.3316178452480772;

0.2316942607190423;

0.3234266081278016;

0.3908719353068969;

0.4340875486117629;

0.4547404800000422;

0.4555691163269453;

0.4399416647680563;

0.4115015122893998;

0.3738899995230619;

0.3305375918080444;

0.2845148925985243;

0.2384354068479978;

0.1944024244093087;

0.1539928559075342;

0.1182713159680154;

0.08782821110087391;

0.0628360519680039;

0.04311867217837682;

0.0282284981813229;

0.01752747724800097;

0.01026773295431698;

0.005668479999999777;

0.002986192620748787;

0.001575483272396892;

9.386106879999818E-4;

7.619988307968269E-4;

9.386106879999818E-4;

0.001575483272396892;

0.002986192620748787;

0.005668479999999777;

0.01026773295431698;

0.01752747724800097;

0.0282284981813229;

0.04311867217837682;

0.0628360519680039;

0.08782821110087391;

0.1182713159680154;

0.1539928559075342;

0.1944024244093087;

0.2384354068479978;

0.2845148925985243;

0.3305375918080444;

0.3738899995230619;

0.4115015122893998;

0.4399416647680563;

0.4555691163269453;

0.4547404800000422;

0.4340875486117629;

0.3908719353068969;

0.3234266081278016;

0.2170470717471498;

0.3115742446747668;

0.3822237460479641;

0.4287999999999923;

0.4527678011097036;

0.4567087414509427;

0.4438747049772414;

0.4178284871679643;

0.382162060287942;

0.3402834670256076;

0.2952637877076137;

0.2497360887021601;

0.2058387220479699;

0.1651958087679952;

0.1289282007482467;

0.09768867848519916;

0.07171560442593193;

0.05089971404799885;

0.03485918924800244;

0.02301862102958226;

0.01468793090375615;

0.009137782836428621;

0.005668479999999777;

0.003669803007999926;

0.002669708733644776;

0.002370271235276816;

0.002669708733644776;

0.003669803007999926;

0.005668479999999777;

0.009137782836428621;

0.01468793090375615;

0.02301862102958226;

0.03485918924800244;

0.05089971404799885;

0.07171560442593193;

0.09768867848519916;

0.1289282007482467;

0.1651958087679952;

0.2058387220479699;

0.2497360887021601;

0.2952637877076137;

0.3402834670256076;

0.382162060287942;

0.4178284871679643;

0.4438747049772414;

0.4567087414509427;

0.4527678011097036;

0.4287999999999923;

0.3822237460479641;

0.3115742446747668;

0.1977164800003009;

0.2956928746405597;

0.3703684954387063;

0.4212170435412509;

0.4494379431558002;

0.4574060799998903;

0.4482189043500021;

0.4253309566271293;

0.3922663358660935;

0.3524000938344226;

0.3087999999999664;

0.2641205849571405;

0.22054183235093;

0.179745351756994;

0.1429213273980842;

0.1107999999999994;

0.08370190151189162;

0.06160152483758187;

0.04419957314683034;

0.03099939575726194;

0.02138368000000187;

0.01468793090375615;

0.01026773295431698;

0.007557250608332931;

0.006116886662348731;

0.005668479999999777;

0.006116886662348731;

0.007557250608332931;

0.01026773295431698;

0.01468793090375615;

0.02138368000000187;

0.03099939575726194;

0.04419957314683034;

0.06160152483758187;

0.08370190151189162;

0.1107999999999994;

0.1429213273980842;

0.179745351756994;

0.22054183235093;

0.2641205849571405;

0.3087999999999664;

0.3524000938344226;

0.3922663358660935;

0.4253309566271293;

0.4482189043500021;

0.4574060799998903;

0.4494379431558002;

0.4212170435412509;

0.3703684954387063;

0.2956928746405597;

0.1733770533878209;

0.2753356194644223;

0.3547763476481209;

0.4107601838082553;

0.4441540356294178;

0.4570723360964126;

0.4524163349167657;

0.4335011758080606;

0.4037612800001043;

0.3665250187214208;

0.3248501198634969;

0.2814117164351177;

0.2384354068479978;

0.1976681594880155;

0.1603803564556371;

0.1273927337771036;

0.09912243781140882;

0.0756428799999964;

0.05675253452799779;

0.04204828588769248;

0.03099939575726194;

0.02301862102958226;

0.01752747724800097;

0.0140131041279997;

0.01207465226567681;

0.01145757255598122;

0.01207465226567681;

0.0140131041279997;

0.01752747724800097;

0.02301862102958226;

0.03099939575726194;

0.04204828588769248;

0.05675253452799779;

0.0756428799999964;

0.09912243781140882;

0.1273927337771036;

0.1603803564556371;

0.1976681594880155;

0.2384354068479978;

0.2814117164351177;

0.3248501198634969;

0.3665250187214208;

0.4037612800001043;

0.4335011758080606;

0.4524163349167657;

0.4570723360964126;

0.4441540356294178;

0.4107601838082553;

0.3547763476481209;

0.2753356194644223;

0.1436895833815854;

0.2499999999998889;

0.3348292008213456;

0.3967382211739755;

0.436189401087945;

0.4549782874637333;

0.4557636935679553;

0.4416859737899503;

0.4160640340001313;

0.382162060287942;

0.3430174112678126;

0.3013215815679856;

0.2593466065420218;

0.2189097406578944;

0.181369704447991;

0.147648257322199;

0.1182713159680154;

0.09342430048583912;

0.07301685282734585;

0.05675253452799779;

0.04419957314683034;

0.03485918924800244;

0.0282284981813229;

0.02385544334049302;

0.02138368000000187;

0.02058579125370954;

0.02138368000000187;

0.02385544334049302;

0.0282284981813229;

0.03485918924800244;

0.04419957314683034;

0.05675253452799779;

0.07301685282734585;

0.09342430048583912;

0.1182713159680154;

0.147648257322199;

0.181369704447991;

0.2189097406578944;

0.2593466065420218;

0.3013215815679856;

0.3430174112678126;

0.382162060287942;

0.4160640340001313;

0.4416859737899503;

0.4557636935679553;

0.4549782874637333;

0.436189401087945;

0.3967382211739755;

0.3348292008213456;

0.2499999999998889;

0.1083428227263189;

0.2191607726079202;

0.3098449848843519;

0.3783633746527775;

0.4246958663680844;

0.4502551483384223;

0.4574060799998903;

0.4490738099027818;

0.4284311247535864;

0.3986560122879836;

0.3627508831633377;

0.3234153594880387;

0.2829650000232151;

0.2432887945167078;

0.2058387220479699;

0.1716451306897302;

0.1413521582080052;

0.1152678759497758;

0.09342430048583912;

0.0756428799999964;

0.06160152483758187;

0.05089971404799885;

0.04311867217837682;

0.03787407299706853;

0.03485918924800244;

0.03387686995886108;

0.03485918924800244;

0.03787407299706853;

0.04311867217837682;

0.05089971404799885;

0.06160152483758187;

0.0756428799999964;

0.09342430048583912;

0.1152678759497758;

0.1413521582080052;

0.1716451306897302;

0.2058387220479699;

0.2432887945167078;

0.2829650000232151;

0.3234153594880387;

0.3627508831633377;

0.3986560122879836;

0.4284311247535864;

0.4490738099027818;

0.4574060799998903;

0.4502551483384223;

0.4246958663680844;

0.3783633746527775;

0.3098449848843519;

0.2191607726079202;

0.06710882332170125;

0.1823147469322603;

0.2791123886079653;

0.3547763476481209;

0.4087195964080303;

0.4419016007630006;

0.4563356548661536;

0.4546854881279918;

0.4399416647680563;

0.4151687587053231;

0.3833147489845069;

0.3470745433489657;

0.3087999999999664;

0.2704492800000107;

0.2335688251998087;

0.19930171899413;

0.1684166496288634;

0.1413521582080052;

0.1182713159680154;

0.09912243781140882;

0.08370190151189162;

0.07171560442593193;

0.0628360519680039;

0.05675253452799779;

0.05321231193211014;

0.05205118696980641;

0.05321231193211014;

0.05675253452799779;

0.0628360519680039;

0.07171560442593193;

0.08370190151189162;

0.09912243781140882;

0.1182713159680154;

0.1413521582080052;

0.1684166496288634;

0.19930171899413;

0.2335688251998087;

0.2704492800000107;

0.3087999999999664;

0.3470745433489657;

0.3833147489845069;

0.4151687587053231;

0.4399416647680563;

0.4546854881279918;

0.4563356548661536;

0.4419016007630006;

0.4087195964080303;

0.3547763476481209;

0.2791123886079653;

0.1823147469322603;

0.01991487999988573;

0.1390405911050435;

0.2419390216881037;

0.3250833423596229;

0.3872274564335025;

0.4287999999999923;

0.451398183873601;

0.4573715353306153;

0.449486059990229;

0.4306598066127016;

0.4037612800001043;

0.3714626096201988;

0.3361398439887197;

0.2998132032667842;

0.2641205849571405;

0.2303180800000055;

0.19930171899413;

0.1716451306897302;

0.147648257322199;

0.1273927337771036;

0.1107999999999994;

0.09768867848519916;

0.08782821110087391;

0.08098621192929174;

0.07696745522298569;

0.0756428799999964;

0.07696745522298569;

0.08098621192929174;

0.08782821110087391;

0.09768867848519916;

0.1107999999999994;

0.1273927337771036;

0.147648257322199;

0.1716451306897302;

0.19930171899413;

0.2303180800000055;

0.2641205849571405;

0.2998132032667842;

0.3361398439887197;

0.3714626096201988;

0.4037612800001043;

0.4306598066127016;

0.449486059990229;

0.4573715353306153;

0.451398183873601;

0.4287999999999923;

0.3872274564335025;

0.3250833423596229;

0.2419390216881037;

0.1390405911050435;

-0.03306445161738849;

0.08907709254424442;

0.1977164800003009;

0.2884084910079996;

0.3591473706633677;

0.409745222233345;

0.4413109359935206;

0.4558197114881455;

0.4557636935679553;

0.4438747049772414;

0.4229105206755807;

0.3954965915189864;

0.364015587328006;

0.3305375918080444;

0.2967842441985949;

0.2641205849571405;

0.2335688251998087;

0.2058387220479699;

0.181369704447991;

0.1603803564556371;

0.1429213273980842;

0.1289282007482467;

0.1182713159680154;

0.1107999999999994;

0.1063791275081755;

0.1049163913904065;

0.1063791275081755;

0.1107999999999994;

0.1182713159680154;

0.1289282007482467;

0.1429213273980842;

0.1603803564556371;

0.181369704447991;

0.2058387220479699;

0.2335688251998087;

0.2641205849571405;

0.2967842441985949;

0.3305375918080444;

0.364015587328006;

0.3954965915189864;

0.4229105206755807;

0.4438747049772414;

0.4557636935679553;

0.4558197114881455;

0.4413109359935206;

0.409745222233345;

0.3591473706633677;

0.2884084910079996;

0.1977164800003009;

0.08907709254424442;

-0.09129133261304241;

0.03242380492824455;

0.1460062446174625;

0.2439656344651003;

0.3234266081278016;

0.3834900851458493;

0.4246958663680844;

0.4485765825036942;

0.4572935161396336;

0.4533452799999447;

0.4393407966363687;

0.4178284871679643;

0.3911740391045922;

0.3614795857133096;

0.3305375918080444;

0.2998132032667842;

0.2704492800000107;

0.2432887945167078;

0.2189097406578944;

0.1976681594880155;

0.179745351756994;

0.1651958087679952;

0.1539928559075342;

0.1460694655172611;

0.1413521582080052;

0.1397863741390916;

0.1413521582080052;

0.1460694655172611;

0.1539928559075342;

0.1651958087679952;

0.179745351756994;

0.1976681594880155;

0.2189097406578944;

0.2432887945167078;

0.2704492800000107;

0.2998132032667842;

0.3305375918080444;

0.3614795857133096;

0.3911740391045922;

0.4178284871679643;

0.4393407966363687;

0.4533452799999447;

0.4572935161396336;

0.4485765825036942;

0.4246958663680844;

0.3834900851458493;

0.3234266081278016;

0.2439656344651003;

0.1460062446174625;

0.03242380492824455;

-0.1537202205947733;

-0.03053152563210332;

0.08665080760230227;

0.1911538413028649;

0.2791123886079653;

0.3488117343799217;

0.4001324769279887;

0.4340875486117629;

0.4524419356623614;

0.4574060799998903;

0.4513944082383673;

0.4368408954880179;

0.4160640340001313;

0.3911740391045922;

0.364015587328006;

0.3361398439887197;

0.3087999999999664;

0.2829650000232151;

0.2593466065420218;

0.2384354068479978;

0.22054183235093;

0.2058387220479699;

0.1944024244093087;

0.1862498943582358;

0.181369704447991;

0.179745351756994;

0.181369704447991;

0.1862498943582358;

0.1944024244093087;

0.2058387220479699;

0.22054183235093;

0.2384354068479978;

0.2593466065420218;

0.2829650000232151;

0.3087999999999664;

0.3361398439887197;

0.364015587328006;

0.3911740391045922;

0.4160640340001313;

0.4368408954880179;

0.4513944082383673;

0.4574060799998903;

0.4524419356623614;

0.4340875486117629;

0.4001324769279887;

0.3488117343799217;

0.2791123886079653;

0.1911538413028649;

0.08665080760230227;

-0.03053152563210332;

-0.2186201964267863;

-0.09885389980918169;

0.01991487999988573;

0.12968152268786;

0.2254596641207259;

0.3046038513124954;

0.366235210149009;

0.4107601838082553;

0.439472862207962;

0.4542318852702585;

0.4572033651785367;

0.450661735255148;

0.4368408954880179;

0.4178284871679643;

0.3954965915189864;

0.3714626096201988;

0.3470745433489657;

0.3234153594880387;

0.3013215815679856;

0.2814117164351177;

0.2641205849571405;

0.2497360887021601;

0.2384354068479978;

0.2303180800000055;

0.2254339000189135;

0.2238039873814645;

0.2254339000189135;

0.2303180800000055;

0.2384354068479978;

0.2497360887021601;

0.2641205849571405;

0.2814117164351177;

0.3013215815679856;

0.3234153594880387;

0.3470745433489657;

0.3714626096201988;

0.3954965915189864;

0.4178284871679643;

0.4368408954880179;

0.450661735255148;

0.4572033651785367;

0.4542318852702585;

0.439472862207962;

0.4107601838082553;

0.366235210149009;

0.3046038513124954;

0.2254596641207259;

0.12968152268786;

0.01991487999988573;

-0.09885389980918169;

-0.2833587199999567;

-0.1708650518001293;

-0.05333800011033032;

0.05972446097743598;

0.1620713938154136;

0.2499999999998889;

0.3217606938001477;

0.3770562041561725;

0.4166252255839192;

0.4419016007630006;

0.4547404800000422;

0.4572033651785367;

0.4513944082383673;

0.4393407966363687;

0.4229105206755807;

0.4037612800001043;

0.3833147489845069;

0.3627508831633377;

0.3430174112678126;

0.3248501198634969;

0.3087999999999664;

0.2952637877076137;

0.2845148925985243;

0.2767321712509115;

0.2720244644773746;

0.2704492800000107;

0.2720244644773746;

0.2767321712509115;

0.2845148925985243;

0.2952637877076137;

0.3087999999999664;

0.3248501198634969;

0.3430174112678126;

0.3627508831633377;

0.3833147489845069;

0.4037612800001043;

0.4229105206755807;

0.4393407966363687;

0.4513944082383673;

0.4572033651785367;

0.4547404800000422;

0.4419016007630006;

0.4166252255839192;

0.3770562041561725;

0.3217606938001477;

0.2499999999998889;

0.1620713938154136;

0.05972446097743598;

-0.05333800011033032;

-0.1708650518001293;

-0.3441410347874959;

-0.2439047033123148;

-0.1314276792319111;

-0.01787646771249473;

0.08907709254424442;

0.1845338935654711;

0.2657506169598684;

0.3316178452480772;

0.3822237460479641;

0.4184943118778483;

0.4419016007630006;

0.4542318852702585;

0.4574060799998903;

0.4533452799999447;

0.4438747049772414;

0.4306598066127016;

0.4151687587053231;

0.3986560122879836;

0.382162060287942;

0.3665250187214208;

0.3524000938344226;

0.3402834670256076;

0.3305375918080444;

0.3234153594880387;

0.3190810526630148;

0.3176264680603697;

0.3190810526630148;

0.3234153594880387;

0.3305375918080444;

0.3402834670256076;

0.3524000938344226;

0.3665250187214208;

0.382162060287942;

0.3986560122879836;

0.4151687587053231;

0.4306598066127016;

0.4438747049772414;

0.4533452799999447;

0.4574060799998903;

0.4542318852702585;

0.4419016007630006;

0.4184943118778483;

0.3822237460479641;

0.3316178452480772;

0.2657506169598684;

0.1845338935654711;

0.08907709254424442;

-0.01787646771249473;

-0.1314276792319111;

-0.2439047033123148;

-0.3956989784685648;

-0.3140428421118675;

-0.2115921770388125;

-0.1013716342586328;

0.007355895808097436;

0.1083428227263189;

0.1977164800003009;

0.2734348915130423;

0.3348292008213456;

0.3822237460479641;

0.4166252255839192;

0.439472862207962;

0.4524419356623614;

0.4572935161396336;

0.4557636935679553;

0.449486059990229;

0.4399416647680563;

0.4284311247535864;

0.4160640340001313;

0.4037612800001043;

0.3922663358660935;

0.382162060287942;

0.3738899995230619;

0.3677696480985342;

0.364015587328006;

0.3627508831633377;

0.364015587328006;

0.3677696480985342;

0.3738899995230619;

0.382162060287942;

0.3922663358660935;

0.4037612800001043;

0.4160640340001313;

0.4284311247535864;

0.4399416647680563;

0.449486059990229;

0.4557636935679553;

0.4572935161396336;

0.4524419356623614;

0.439472862207962;

0.4166252255839192;

0.3822237460479641;

0.3348292008213456;

0.2734348915130423;

0.1977164800003009;

0.1083428227263189;

0.007355895808097436;

-0.1013716342586328;

-0.2115921770388125;

-0.3140428421118675;

-0.4309224945146319;

-0.3757363199998311;

-0.2896683468104074;

-0.1878063555020807;

-0.08118915379215552;

0.02242095158401808;

0.1178729236479851;

0.2020590624965572;

0.2734348915130423;

0.3316178452480772;

0.3770562041561725;

0.4107601838082553;

0.4340875486117629;

0.4485765825036942;

0.4558197114881455;

0.4573715353306153;

0.4546854881279918;

0.4490738099027818;

0.4416859737899503;

0.4335011758080606;

0.4253309566271293;

0.4178284871679643;

0.4115015122893998;

0.4067264092438746;

0.4037612800001043;

0.4027564589580544;

0.4037612800001043;

0.4067264092438746;

0.4115015122893998;

0.4178284871679643;

0.4253309566271293;

0.4335011758080606;

0.4416859737899503;

0.4490738099027818;

0.4546854881279918;

0.4573715353306153;

0.4558197114881455;

0.4485765825036942;

0.4340875486117629;

0.4107601838082553;

0.3770562041561725;

0.3316178452480772;

0.2734348915130423;

0.2020590624965572;

0.1178729236479851;

0.02242095158401808;

-0.08118915379215552;

-0.1878063555020807;

-0.2896683468104074;

-0.3757363199998311;

-0.4404266771874847;

-0.421422602687866;

-0.3597112401914153;

-0.2726647838722187;

-0.1732984310794077;

-0.07107035179080247;

0.0274268046818198;

0.1178729236479851;

0.1977164800003009;

0.2657506169598684;

0.3217606938001477;

0.366235210149009;

0.4001324769279887;

0.4246958663680844;

0.4413109359935206;

0.451398183873601;

0.4563356548661536;

0.4574060799998903;

0.4557636935679553;

0.4524163349167657;

0.4482189043500021;

0.4438747049772414;

0.4399416647680563;

0.4368408954880179;

0.434865507618017;

0.4341880627805903;

0.434865507618017;

0.4368408954880179;

0.4399416647680563;

0.4438747049772414;

0.4482189043500021;

0.4524163349167657;

0.4557636935679553;

0.4574060799998903;

0.4563356548661536;

0.451398183873601;

0.4413109359935206;

0.4246958663680844;

0.4001324769279887;

0.366235210149009;

0.3217606938001477;

0.2657506169598684;

0.1977164800003009;

0.1178729236479851;

0.0274268046818198;

-0.07107035179080247;

-0.1732984310794077;

-0.2726647838722187;

-0.3597112401914153;

-0.421422602687866;

-0.4120467199997045;

-0.4410430415959128;

-0.4135445462762931;

-0.3494463577258975;

-0.2639570338172758;

-0.1684275200002067;

-0.07107035179080247;

0.02242095158401808;

0.1083428227263189;

0.1845338935654711;

0.2499999999998889;

0.3046038513124954;

0.3488117343799217;

0.3834900851458493;

0.409745222233345;

0.4287999999999923;

0.4419016007630006;

0.4502551483384223;

0.4549782874637333;

0.4570723360964126;

0.4574060799998903;

0.4567087414509427;

0.4555691163269453;

0.4544383362530831;

0.4536341749055029;

0.4533452799999447;

0.4536341749055029;

0.4544383362530831;

0.4555691163269453;

0.4567087414509427;

0.4574060799998903;

0.4570723360964126;

0.4549782874637333;

0.4502551483384223;

0.4419016007630006;

0.4287999999999923;

0.409745222233345;

0.3834900851458493;

0.3488117343799217;

0.3046038513124954;

0.2499999999998889;

0.1845338935654711;

0.1083428227263189;

0.02242095158401808;

-0.07107035179080247;

-0.1684275200002067;

-0.2639570338172758;

-0.3494463577258975;

-0.4135445462762931;

-0.4410430415959128;

-0.3302526752317055;

-0.4214875752079463;

-0.4402340126721368;

-0.4091667199996049;

-0.3459219768404124;

-0.2639570338172758;

-0.1732984310794077;

-0.08118915379215552;

0.007355895808097436;

0.08907709254424442;

0.1620713938154136;

0.2254596641207259;

0.2791123886079653;

0.3234266081278016;

0.3591473706633677;

0.3872274564335025;

0.4087195964080303;

0.4246958663680844;

0.436189401087945;

0.4441540356294178;

0.4494379431558002;

0.4527678011097036;

0.4547404800000422;

0.4558197114881455;

0.4563356548661536;

0.4564857434554829;

0.4563356548661536;

0.4558197114881455;

0.4547404800000422;

0.4527678011097036;

0.4494379431558002;

0.4441540356294178;

0.436189401087945;

0.4246958663680844;

0.4087195964080303;

0.3872274564335025;

0.3591473706633677;

0.3234266081278016;

0.2791123886079653;

0.2254596641207259;

0.1620713938154136;

0.08907709254424442;

0.007355895808097436;

-0.08118915379215552;

-0.1732984310794077;

-0.2639570338172758;

-0.3459219768404124;

-0.4091667199996049;

-0.4402340126721368;

-0.4214875752079463;

-0.1754754697184726;

-0.3459523051513001;

-0.4254752937130014;

-0.4397745503730416;

-0.4091667199996049;

-0.3494463577258975;

-0.2726647838722187;

-0.1878063555020807;

-0.1013716342586328;

-0.01787646771249473;

0.05972446097743598;

0.12968152268786;

0.1911538413028649;

0.2439656344651003;

0.2884084910079996;

0.3250833423596229;

0.3547763476481209;

0.3783633746527775;

0.3967382211739755;

0.4107601838082553;

0.4212170435412509;

0.4287999999999923;

0.4340875486117629;

0.4375357573562809;

0.439472862207962;

0.4400965627935784;

0.439472862207962;

0.4375357573562809;

0.4340875486117629;

0.4287999999999923;

0.4212170435412509;

0.4107601838082553;

0.3967382211739755;

0.3783633746527775;

0.3547763476481209;

0.3250833423596229;

0.2884084910079996;

0.2439656344651003;

0.1911538413028649;

0.12968152268786;

0.05972446097743598;

-0.01787646771249473;

-0.1013716342586328;

-0.1878063555020807;

-0.2726647838722187;

-0.3494463577258975;

-0.4091667199996049;

-0.4397745503730416;

-0.4254752937130014;

-0.3459523051513001;

0.07666484034276125;

-0.1932009297924181;

-0.3508872085967185;

-0.4254752937130014;

-0.4402340126721368;

-0.4135445462762931;

-0.3597112401914153;

-0.2896683468104074;

-0.2115921770388125;

-0.1314276792319111;

-0.05333800011033032;

0.01991487999988573;

0.08665080760230227;

0.1460062446174625;

0.1977164800003009;

0.2419390216881037;

0.2791123886079653;

0.3098449848843519;

0.3348292008213456;

0.3547763476481209;

0.3703684954387063;

0.3822237460479641;

0.3908719353068969;

0.3967382211739755;

0.4001324769279887;

0.4012428709345766;

0.4001324769279887;

0.3967382211739755;

0.3908719353068969;

0.3822237460479641;

0.3703684954387063;

0.3547763476481209;

0.3348292008213456;

0.3098449848843519;

0.2791123886079653;

0.2419390216881037;

0.1977164800003009;

0.1460062446174625;

0.08665080760230227;

0.01991487999988573;

-0.05333800011033032;

-0.1314276792319111;

-0.2115921770388125;

-0.2896683468104074;

-0.3597112401914153;

-0.4135445462762931;

-0.4402340126721368;

-0.4254752937130014;

-0.3508872085967185;

-0.1932009297924181;

0.4562380551897028;

0.0632794443150888;

-0.1932009297924181;

-0.3459523051513001;

-0.4214875752079463;

-0.4410430415959128;

-0.421422602687866;

-0.3757363199998311;

-0.3140428421118675;

-0.2439047033123148;

-0.1708650518001293;

-0.09885389980918169;

-0.03053152563210332;

0.03242380492824455;

0.08907709254424442;

0.1390405911050435;

0.1823147469322603;

0.2191607726079202;

0.2499999999998889;

0.2753356194644223;

0.2956928746405597;

0.3115742446747668;

0.3234266081278016;

0.3316178452480772;

0.3364207977053306;

0.3380029673178228;

0.3364207977053306;

0.3316178452480772;

0.3234266081278016;

0.3115742446747668;

0.2956928746405597;

0.2753356194644223;

0.2499999999998889;

0.2191607726079202;

0.1823147469322603;

0.1390405911050435;

0.08907709254424442;

0.03242380492824455;

-0.03053152563210332;

-0.09885389980918169;

-0.1708650518001293;

-0.2439047033123148;

-0.3140428421118675;

-0.3757363199998311;

-0.421422602687866;

-0.4410430415959128;

-0.4214875752079463;

-0.3459523051513001;

-0.1932009297924181;

0.0632794443150888;
