
1.0;

0.4562380551897088;

0.07666484034273343;

-0.1754754697183231;

-0.3302526752325631;

-0.41204672;

-0.4404266771873794;

-0.4309224945139718;

-0.3956989784686586;

-0.3441410347876344;

-0.283358719999999;

-0.218620196426547;

-0.1537202205949951;

-0.09129133261291532;

-0.03306445161758722;

0.01991488000000046;

0.06710882332180466;

0.1083428227268602;

0.1436895833817085;

0.1733770533879811;

0.1977164800000004;

0.2170470717472764;

0.2316942607187976;

0.2419390216880122;

0.2479961671794694;

0.25;

0.2479961671794694;

0.2419390216880122;

0.2316942607187976;

0.2170470717472764;

0.1977164800000004;

0.1733770533879811;

0.1436895833817085;

0.1083428227268602;

0.06710882332180466;

0.01991488000000046;

-0.03306445161758722;

-0.09129133261291532;

-0.1537202205949951;

-0.218620196426547;

-0.283358719999999;

-0.3441410347876344;

-0.3956989784686586;

-0.4309224945139718;

-0.4404266771873794;

-0.41204672;

-0.3302526752325631;

-0.1754754697183231;

0.07666484034273343;

0.4562380551897088;

0.4562380551897088;

0.06327944431535082;

-0.1932009297919994;

-0.3459523051519999;

-0.4214875752087555;

-0.4410430415962107;

-0.421422602687283;

-0.37573632;

-0.3140428421119997;

-0.2439047033126911;

-0.1708650518003707;

-0.09885389980958736;

-0.0305315256320001;

0.03242380492799919;

0.08907709254369324;

0.1390405911052296;

0.1823147469324297;

0.2191607726079993;

0.25;

0.2753356194643968;

0.2956928746405892;

0.3115742446747648;

0.3234266081279995;

0.3316178452479997;

0.336420797705422;

0.3380029673177096;

0.336420797705422;

0.3316178452479997;

0.3234266081279995;

0.3115742446747648;

0.2956928746405892;

0.2753356194643968;

0.25;

0.2191607726079993;

0.1823147469324297;

0.1390405911052296;

0.08907709254369324;

0.03242380492799919;

-0.0305315256320001;

-0.09885389980958736;

-0.1708650518003707;

-0.2439047033126911;

-0.3140428421119997;

-0.37573632;

-0.421422602687283;

-0.4410430415962107;

-0.4214875752087555;

-0.3459523051519999;

-0.1932009297919994;

0.06327944431535082;

0.07666484034273343;

-0.1932009297919994;

-0.3508872085962756;

-0.4254752937132037;

-0.4402340126720001;

-0.4135445462761455;

-0.3597112401920003;

-0.2896683468111872;

-0.2115921770381308;

-0.1314276792319992;

-0.05333800011038778;

0.01991488000000046;

0.08665080760238082;

0.1460062446174205;

0.1977164800000004;

0.2419390216880122;

0.2791123886080001;

0.3098449848844284;

0.3348292008214535;

0.3547763476479995;

0.370368495439053;

0.382223746048;

0.390871935306957;

0.3967382211739649;

0.4001324769280007;

0.4012428709347322;

0.4001324769280007;

0.3967382211739649;

0.390871935306957;

0.382223746048;

0.370368495439053;

0.3547763476479995;

0.3348292008214535;

0.3098449848844284;

0.2791123886080001;

0.2419390216880122;

0.1977164800000004;

0.1460062446174205;

0.08665080760238082;

0.01991488000000046;

-0.05333800011038778;

-0.1314276792319992;

-0.2115921770381308;

-0.2896683468111872;

-0.3597112401920003;

-0.4135445462761455;

-0.4402340126720001;

-0.4254752937132037;

-0.3508872085962756;

-0.1932009297919994;

-0.1754754697183231;

-0.3459523051519999;

-0.4254752937132037;

-0.4397745503731715;

-0.40916672;

-0.3494463577260038;

-0.272664783872;

-0.1878063555018747;

-0.101371634258739;

-0.01787646771199991;

0.05972446097735669;

0.1296815226879998;

0.1911538413027327;

0.2439656344649733;

0.2884084910079993;

0.3250833423597575;

0.3547763476479995;

0.3783633746526203;

0.3967382211739649;

0.4107601838080005;

0.4212170435411969;

0.4288;

0.4340875486117875;

0.4375357573562366;

0.4394728622079992;

0.4400965627936757;

0.4394728622079992;

0.4375357573562366;

0.4340875486117875;

0.4288;

0.4212170435411969;

0.4107601838080005;

0.3967382211739649;

0.3783633746526203;

0.3547763476479995;

0.3250833423597575;

0.2884084910079993;

0.2439656344649733;

0.1911538413027327;

0.1296815226879998;

0.05972446097735669;

-0.01787646771199991;

-0.101371634258739;

-0.1878063555018747;

-0.272664783872;

-0.3494463577260038;

-0.40916672;

-0.4397745503731715;

-0.4254752937132037;

-0.3459523051519999;

-0.3302526752325631;

-0.4214875752087555;

-0.4402340126720001;

-0.40916672;

-0.3459219768410116;

-0.2639570338168828;

-0.1732984310792195;

-0.08118915379199963;

0.007355895808000557;

0.08907709254369324;

0.1620713938157566;

0.2254596641210362;

0.2791123886080001;

0.3234266081279995;

0.3591473706631171;

0.3872274564333562;

0.408719596408012;

0.424695866368;

0.4361894010879996;

0.4441540356292602;

0.4494379431559172;

0.4527678011097081;

0.45474048;

0.4558197114879992;

0.4563356548661254;

0.4564857434554363;

0.4563356548661254;

0.4558197114879992;

0.45474048;

0.4527678011097081;

0.4494379431559172;

0.4441540356292602;

0.4361894010879996;

0.424695866368;

0.408719596408012;

0.3872274564333562;

0.3591473706631171;

0.3234266081279995;

0.2791123886080001;

0.2254596641210362;

0.1620713938157566;

0.08907709254369324;

0.007355895808000557;

-0.08118915379199963;

-0.1732984310792195;

-0.2639570338168828;

-0.3459219768410116;

-0.40916672;

-0.4402340126720001;

-0.4214875752087555;

-0.41204672;

-0.4410430415962107;

-0.4135445462761455;

-0.3494463577260038;

-0.2639570338168828;

-0.1684275200000012;

-0.07107035179089845;

0.02242095158394903;

0.1083428227268602;

0.1845338935656442;

0.25;

0.3046038513123331;

0.3488117343797242;

0.3834900851458057;

0.4097452222332929;

0.4288;

0.4419016007630846;

0.4502551483383812;

0.4549782874636289;

0.4570723360964599;

0.45740608;

0.4567087414509562;

0.4555691163271173;

0.4544383362531329;

0.4536341749055499;

0.45334528;

0.4536341749055499;

0.4544383362531329;

0.4555691163271173;

0.4567087414509562;

0.45740608;

0.4570723360964599;

0.4549782874636289;

0.4502551483383812;

0.4419016007630846;

0.4288;

0.4097452222332929;

0.3834900851458057;

0.3488117343797242;

0.3046038513123331;

0.25;

0.1845338935656442;

0.1083428227268602;

0.02242095158394903;

-0.07107035179089845;

-0.1684275200000012;

-0.2639570338168828;

-0.3494463577260038;

-0.4135445462761455;

-0.4410430415962107;

-0.4404266771873794;

-0.421422602687283;

-0.3597112401920003;

-0.272664783872;

-0.1732984310792195;

-0.07107035179089845;

0.02742680468193298;

0.1178729236480004;

0.1977164800000004;

0.2657506169602045;

0.3217606938001405;

0.3662352101490688;

0.4001324769280007;

0.424695866368;

0.4413109359935495;

0.4513981838737406;

0.4563356548661254;

0.45740608;

0.4557636935680001;

0.4524163349168131;

0.4482189043498997;

0.4438747049771004;

0.4399416647679997;

0.4368408954880007;

0.434865507617996;

0.43418806278062;

0.434865507617996;

0.4368408954880007;

0.4399416647679997;

0.4438747049771004;

0.4482189043498997;

0.4524163349168131;

0.4557636935680001;

0.45740608;

0.4563356548661254;

0.4513981838737406;

0.4413109359935495;

0.424695866368;

0.4001324769280007;

0.3662352101490688;

0.3217606938001405;

0.2657506169602045;

0.1977164800000004;

0.1178729236480004;

0.02742680468193298;

-0.07107035179089845;

-0.1732984310792195;

-0.272664783872;

-0.3597112401920003;

-0.421422602687283;

-0.4309224945139718;

-0.37573632;

-0.2896683468111872;

-0.1878063555018747;

-0.08118915379199963;

0.02242095158394903;

0.1178729236480004;

0.2020590624964608;

0.273434891513037;

0.3316178452479997;

0.3770562041561088;

0.4107601838080005;

0.4340875486117875;

0.4485765825036276;

0.4558197114879992;

0.4573715353305084;

0.4546854881279997;

0.4490738099027965;

0.4416859737899;

0.4335011758079998;

0.4253309566271487;

0.4178284871679996;

0.4115015122894842;

0.4067264092438528;

0.40376128;

0.4027564589580285;

0.40376128;

0.4067264092438528;

0.4115015122894842;

0.4178284871679996;

0.4253309566271487;

0.4335011758079998;

0.4416859737899;

0.4490738099027965;

0.4546854881279997;

0.4573715353305084;

0.4558197114879992;

0.4485765825036276;

0.4340875486117875;

0.4107601838080005;

0.3770562041561088;

0.3316178452479997;

0.273434891513037;

0.2020590624964608;

0.1178729236480004;

0.02242095158394903;

-0.08118915379199963;

-0.1878063555018747;

-0.2896683468111872;

-0.37573632;

-0.3956989784686586;

-0.3140428421119997;

-0.2115921770381308;

-0.101371634258739;

0.007355895808000557;

0.1083428227268602;

0.1977164800000004;

0.273434891513037;

0.3348292008214535;

0.382223746048;

0.4166252255838215;

0.4394728622079992;

0.4524419356622855;

0.4572935161397238;

0.4557636935680001;

0.4494860599902213;

0.4399416647679997;

0.428431124753613;

0.4160640340000774;

0.40376128;

0.3922663358660617;

0.3821620602880003;

0.3738899995230203;

0.3677696480985087;

0.3640155873280001;

0.3627508831633403;

0.3640155873280001;

0.3677696480985087;

0.3738899995230203;

0.3821620602880003;

0.3922663358660617;

0.40376128;

0.4160640340000774;

0.428431124753613;

0.4399416647679997;

0.4494860599902213;

0.4557636935680001;

0.4572935161397238;

0.4524419356622855;

0.4394728622079992;

0.4166252255838215;

0.382223746048;

0.3348292008214535;

0.273434891513037;

0.1977164800000004;

0.1083428227268602;

0.007355895808000557;

-0.101371634258739;

-0.2115921770381308;

-0.3140428421119997;

-0.3441410347876344;

-0.2439047033126911;

-0.1314276792319992;

-0.01787646771199991;

0.08907709254369324;

0.1845338935656442;

0.2657506169602045;

0.3316178452479997;

0.382223746048;

0.4184943118778362;

0.4419016007630846;

0.4542318852702216;

0.45740608;

0.45334528;

0.4438747049771004;

0.4306598066126838;

0.4151687587053571;

0.3986560122879991;

0.3821620602880003;

0.3665250187214846;

0.3524000938344454;

0.3402834670256122;

0.3305375918079997;

0.3234153594880001;

0.3190810526629885;

0.3176264680603646;

0.3190810526629885;

0.3234153594880001;

0.3305375918079997;

0.3402834670256122;

0.3524000938344454;

0.3665250187214846;

0.3821620602880003;

0.3986560122879991;

0.4151687587053571;

0.4306598066126838;

0.4438747049771004;

0.45334528;

0.45740608;

0.4542318852702216;

0.4419016007630846;

0.4184943118778362;

0.382223746048;

0.3316178452479997;

0.2657506169602045;

0.1845338935656442;

0.08907709254369324;

-0.01787646771199991;

-0.1314276792319992;

-0.2439047033126911;

-0.283358719999999;

-0.1708650518003707;

-0.05333800011038778;

0.05972446097735669;

0.1620713938157566;

0.25;

0.3217606938001405;

0.3770562041561088;

0.4166252255838215;

0.4419016007630846;

0.45474048;

0.4572033651785736;

0.4513944082382851;

0.4393407966363652;

0.4229105206755328;

0.40376128;

0.3833147489845242;

0.3627508831633403;

0.343017411267789;

0.3248501198635004;

0.3088;

0.2952637877075962;

0.2845148925984769;

0.2767321712508931;

0.2720244644773886;

0.27044928;

0.2720244644773886;

0.2767321712508931;

0.2845148925984769;

0.2952637877075962;

0.3088;

0.3248501198635004;

0.343017411267789;

0.3627508831633403;

0.3833147489845242;

0.40376128;

0.4229105206755328;

0.4393407966363652;

0.4513944082382851;

0.4572033651785736;

0.45474048;

0.4419016007630846;

0.4166252255838215;

0.3770562041561088;

0.3217606938001405;

0.25;

0.1620713938157566;

0.05972446097735669;

-0.05333800011038778;

-0.1708650518003707;

-0.218620196426547;

-0.09885389980958736;

0.01991488000000046;

0.1296815226879998;

0.2254596641210362;

0.3046038513123331;

0.3662352101490688;

0.4107601838080005;

0.4394728622079992;

0.4542318852702216;

0.4572033651785736;

0.450661735255245;

0.4368408954880007;

0.4178284871679996;

0.3954965915189246;

0.3714626096201727;

0.3470745433489407;

0.3234153594880001;

0.3013215815680003;

0.2814117164351486;

0.2641205849571331;

0.2497360887021568;

0.2384354068480002;

0.23031808;

0.2254339000188926;

0.2238039873814524;

0.2254339000188926;

0.23031808;

0.2384354068480002;

0.2497360887021568;

0.2641205849571331;

0.2814117164351486;

0.3013215815680003;

0.3234153594880001;

0.3470745433489407;

0.3714626096201727;

0.3954965915189246;

0.4178284871679996;

0.4368408954880007;

0.450661735255245;

0.4572033651785736;

0.4542318852702216;

0.4394728622079992;

0.4107601838080005;

0.3662352101490688;

0.3046038513123331;

0.2254596641210362;

0.1296815226879998;

0.01991488000000046;

-0.09885389980958736;

-0.1537202205949951;

-0.0305315256320001;

0.08665080760238082;

0.1911538413027327;

0.2791123886080001;

0.3488117343797242;

0.4001324769280007;

0.4340875486117875;

0.4524419356622855;

0.45740608;

0.4513944082382851;

0.4368408954880007;

0.4160640340000774;

0.3911740391047177;

0.3640155873280001;

0.3361398439886842;

0.3088;

0.2829650000232445;

0.2593466065420282;

0.2384354068480002;

0.2205418323509244;

0.2058387220479997;

0.194402424409293;

0.1862498943582202;

0.1813697044479998;

0.1797453517570046;

0.1813697044479998;

0.1862498943582202;

0.194402424409293;

0.2058387220479997;

0.2205418323509244;

0.2384354068480002;

0.2593466065420282;

0.2829650000232445;

0.3088;

0.3361398439886842;

0.3640155873280001;

0.3911740391047177;

0.4160640340000774;

0.4368408954880007;

0.4513944082382851;

0.45740608;

0.4524419356622855;

0.4340875486117875;

0.4001324769280007;

0.3488117343797242;

0.2791123886080001;

0.1911538413027327;

0.08665080760238082;

-0.0305315256320001;

-0.09129133261291532;

0.03242380492799919;

0.1460062446174205;

0.2439656344649733;

0.3234266081279995;

0.3834900851458057;

0.424695866368;

0.4485765825036276;

0.4572935161397238;

0.45334528;

0.4393407966363652;

0.4178284871679996;

0.3911740391047177;

0.3614795857133574;

0.3305375918079997;

0.2998132032667646;

0.27044928;

0.2432887945166854;

0.2189097406578684;

0.1976681594880004;

0.1797453517570046;

0.1651958087679999;

0.1539928559075327;

0.1460694655172606;

0.1413521582079997;

0.1397863741390849;

0.1413521582079997;

0.1460694655172606;

0.1539928559075327;

0.1651958087679999;

0.1797453517570046;

0.1976681594880004;

0.2189097406578684;

0.2432887945166854;

0.27044928;

0.2998132032667646;

0.3305375918079997;

0.3614795857133574;

0.3911740391047177;

0.4178284871679996;

0.4393407966363652;

0.45334528;

0.4572935161397238;

0.4485765825036276;

0.424695866368;

0.3834900851458057;

0.3234266081279995;

0.2439656344649733;

0.1460062446174205;

0.03242380492799919;

-0.03306445161758722;

0.08907709254369324;

0.1977164800000004;

0.2884084910079993;

0.3591473706631171;

0.4097452222332929;

0.4413109359935495;

0.4558197114879992;

0.4557636935680001;

0.4438747049771004;

0.4229105206755328;

0.3954965915189246;

0.3640155873280001;

0.3305375918079997;

0.2967842441986043;

0.2641205849571331;

0.2335688251998209;

0.2058387220479997;

0.1813697044479998;

0.1603803564556289;

0.1429213273980926;

0.1289282007482368;

0.1182713159680002;

0.1108;

0.106379127508173;

0.1049163913904128;

0.106379127508173;

0.1108;

0.1182713159680002;

0.1289282007482368;

0.1429213273980926;

0.1603803564556289;

0.1813697044479998;

0.2058387220479997;

0.2335688251998209;

0.2641205849571331;

0.2967842441986043;

0.3305375918079997;

0.3640155873280001;

0.3954965915189246;

0.4229105206755328;

0.4438747049771004;

0.4557636935680001;

0.4558197114879992;

0.4413109359935495;

0.4097452222332929;

0.3591473706631171;

0.2884084910079993;

0.1977164800000004;

0.08907709254369324;

0.01991488000000046;

0.1390405911052296;

0.2419390216880122;

0.3250833423597575;

0.3872274564333562;

0.4288;

0.4513981838737406;

0.4573715353305084;

0.4494860599902213;

0.4306598066126838;

0.40376128;

0.3714626096201727;

0.3361398439886842;

0.2998132032667646;

0.2641205849571331;

0.23031808;

0.1993017189941244;

0.1716451306897406;

0.147648257322189;

0.1273927337771009;

0.1108;

0.09768867848519683;

0.08782821110087681;

0.0809862119292927;

0.07696745522298871;

0.07564288;

0.07696745522298871;

0.0809862119292927;

0.08782821110087681;

0.09768867848519683;

0.1108;

0.1273927337771009;

0.147648257322189;

0.1716451306897406;

0.1993017189941244;

0.23031808;

0.2641205849571331;

0.2998132032667646;

0.3361398439886842;

0.3714626096201727;

0.40376128;

0.4306598066126838;

0.4494860599902213;

0.4573715353305084;

0.4513981838737406;

0.4288;

0.3872274564333562;

0.3250833423597575;

0.2419390216880122;

0.1390405911052296;

0.06710882332180466;

0.1823147469324297;

0.2791123886080001;

0.3547763476479995;

0.408719596408012;

0.4419016007630846;

0.4563356548661254;

0.4546854881279997;

0.4399416647679997;

0.4151687587053571;

0.3833147489845242;

0.3470745433489407;

0.3088;

0.27044928;

0.2335688251998209;

0.1993017189941244;

0.1684166496288769;

0.1413521582079997;

0.1182713159680002;

0.09912243781140469;

0.08370190151188483;

0.07171560442593287;

0.06283605196800002;

0.05675253452799993;

0.05321231193210881;

0.05205118696980473;

0.05321231193210881;

0.05675253452799993;

0.06283605196800002;

0.07171560442593287;

0.08370190151188483;

0.09912243781140469;

0.1182713159680002;

0.1413521582079997;

0.1684166496288769;

0.1993017189941244;

0.2335688251998209;

0.27044928;

0.3088;

0.3470745433489407;

0.3833147489845242;

0.4151687587053571;

0.4399416647679997;

0.4546854881279997;

0.4563356548661254;

0.4419016007630846;

0.408719596408012;

0.3547763476479995;

0.2791123886080001;

0.1823147469324297;

0.1083428227268602;

0.2191607726079993;

0.3098449848844284;

0.3783633746526203;

0.424695866368;

0.4502551483383812;

0.45740608;

0.4490738099027965;

0.428431124753613;

0.3986560122879991;

0.3627508831633403;

0.3234153594880001;

0.2829650000232445;

0.2432887945166854;

0.2058387220479997;

0.1716451306897406;

0.1413521582079997;

0.1152678759497728;

0.09342430048583679;

0.07564288;

0.06160152483758062;

0.05089971404799994;

0.04311867217838077;

0.03787407299706882;

0.03485918924799997;

0.03387686995886086;

0.03485918924799997;

0.03787407299706882;

0.04311867217838077;

0.05089971404799994;

0.06160152483758062;

0.07564288;

0.09342430048583679;

0.1152678759497728;

0.1413521582079997;

0.1716451306897406;

0.2058387220479997;

0.2432887945166854;

0.2829650000232445;

0.3234153594880001;

0.3627508831633403;

0.3986560122879991;

0.428431124753613;

0.4490738099027965;

0.45740608;

0.4502551483383812;

0.424695866368;

0.3783633746526203;

0.3098449848844284;

0.2191607726079993;

0.1436895833817085;

0.25;

0.3348292008214535;

0.3967382211739649;

0.4361894010879996;

0.4549782874636289;

0.4557636935680001;

0.4416859737899;

0.4160640340000774;

0.3821620602880003;

0.343017411267789;

0.3013215815680003;

0.2593466065420282;

0.2189097406578684;

0.1813697044479998;

0.147648257322189;

0.1182713159680002;

0.09342430048583679;

0.07301685282734078;

0.05675253452799993;

0.04419957314682875;

0.03485918924799997;

0.02822849818132481;

0.02385544334049277;

0.02138368;

0.02058579125370886;

0.02138368;

0.02385544334049277;

0.02822849818132481;

0.03485918924799997;

0.04419957314682875;

0.05675253452799993;

0.07301685282734078;

0.09342430048583679;

0.1182713159680002;

0.147648257322189;

0.1813697044479998;

0.2189097406578684;

0.2593466065420282;

0.3013215815680003;

0.343017411267789;

0.3821620602880003;

0.4160640340000774;

0.4416859737899;

0.4557636935680001;

0.4549782874636289;

0.4361894010879996;

0.3967382211739649;

0.3348292008214535;

0.25;

0.1733770533879811;

0.2753356194643968;

0.3547763476479995;

0.4107601838080005;

0.4441540356292602;

0.4570723360964599;

0.4524163349168131;

0.4335011758079998;

0.40376128;

0.3665250187214846;

0.3248501198635004;

0.2814117164351486;

0.2384354068480002;

0.1976681594880004;

0.1603803564556289;

0.1273927337771009;

0.09912243781140469;

0.07564288;

0.05675253452799993;

0.04204828588769285;

0.03099939575726078;

0.02301862102958076;

0.01752747724799999;

0.01401310412799998;

0.01207465226567679;

0.01145757255598079;

0.01207465226567679;

0.01401310412799998;

0.01752747724799999;

0.02301862102958076;

0.03099939575726078;

0.04204828588769285;

0.05675253452799993;

0.07564288;

0.09912243781140469;

0.1273927337771009;

0.1603803564556289;

0.1976681594880004;

0.2384354068480002;

0.2814117164351486;

0.3248501198635004;

0.3665250187214846;

0.40376128;

0.4335011758079998;

0.4524163349168131;

0.4570723360964599;

0.4441540356292602;

0.4107601838080005;

0.3547763476479995;

0.2753356194643968;

0.1977164800000004;

0.2956928746405892;

0.370368495439053;

0.4212170435411969;

0.4494379431559172;

0.45740608;

0.4482189043498997;

0.4253309566271487;

0.3922663358660617;

0.3524000938344454;

0.3088;

0.2641205849571331;

0.2205418323509244;

0.1797453517570046;

0.1429213273980926;

0.1108;

0.08370190151188483;

0.06160152483758062;

0.04419957314682875;

0.03099939575726078;

0.02138368;

0.0146879309037568;

0.01026773295431679;

0.007557250608332801;

0.006116886662348791;

0.00566848;

0.006116886662348791;

0.007557250608332801;

0.01026773295431679;

0.0146879309037568;

0.02138368;

0.03099939575726078;

0.04419957314682875;

0.06160152483758062;

0.08370190151188483;

0.1108;

0.1429213273980926;

0.1797453517570046;

0.2205418323509244;

0.2641205849571331;

0.3088;

0.3524000938344454;

0.3922663358660617;

0.4253309566271487;

0.4482189043498997;

0.45740608;

0.4494379431559172;

0.4212170435411969;

0.370368495439053;

0.2956928746405892;

0.2170470717472764;

0.3115742446747648;

0.382223746048;

0.4288;

0.4527678011097081;

0.4567087414509562;

0.4438747049771004;

0.4178284871679996;

0.3821620602880003;

0.3402834670256122;

0.2952637877075962;

0.2497360887021568;

0.2058387220479997;

0.1651958087679999;

0.1289282007482368;

0.09768867848519683;

0.07171560442593287;

0.05089971404799994;

0.03485918924799997;

0.02301862102958076;

0.0146879309037568;

0.009137782836428812;

0.00566848;

0.003669803008;

0.002669708733644801;

0.002370271235276797;

0.002669708733644801;

0.003669803008;

0.00566848;

0.009137782836428812;

0.0146879309037568;

0.02301862102958076;

0.03485918924799997;

0.05089971404799994;

0.07171560442593287;

0.09768867848519683;

0.1289282007482368;

0.1651958087679999;

0.2058387220479997;

0.2497360887021568;

0.2952637877075962;

0.3402834670256122;

0.3821620602880003;

0.4178284871679996;

0.4438747049771004;

0.4567087414509562;

0.4527678011097081;

0.4288;

0.382223746048;

0.3115742446747648;

0.2316942607187976;

0.3234266081279995;

0.390871935306957;

0.4340875486117875;

0.45474048;

0.4555691163271173;

0.4399416647679997;

0.4115015122894842;

0.3738899995230203;

0.3305375918079997;

0.2845148925984769;

0.2384354068480002;

0.194402424409293;

0.1539928559075327;

0.1182713159680002;

0.08782821110087681;

0.06283605196800002;

0.04311867217838077;

0.02822849818132481;

0.01752747724799999;

0.01026773295431679;

0.00566848;

0.002986192620748803;

0.001575483272396801;

9.38610688E-4;

7.619988307967997E-4;

9.38610688E-4;

0.001575483272396801;

0.002986192620748803;

0.00566848;

0.01026773295431679;

0.01752747724799999;

0.02822849818132481;

0.04311867217838077;

0.06283605196800002;

0.08782821110087681;

0.1182713159680002;

0.1539928559075327;

0.194402424409293;

0.2384354068480002;

0.2845148925984769;

0.3305375918079997;

0.3738899995230203;

0.4115015122894842;

0.4399416647679997;

0.4555691163271173;

0.45474048;

0.4340875486117875;

0.390871935306957;

0.3234266081279995;

0.2419390216880122;

0.3316178452479997;

0.3967382211739649;

0.4375357573562366;

0.4558197114879992;

0.4544383362531329;

0.4368408954880007;

0.4067264092438528;

0.3677696480985087;

0.3234153594880001;

0.2767321712508931;

0.23031808;

0.1862498943582202;

0.1460694655172606;

0.1108;

0.0809862119292927;

0.05675253452799993;

0.03787407299706882;

0.02385544334049277;

0.01401310412799998;

0.007557250608332801;

0.003669803008;

0.001575483272396801;

6.034369282048001E-4;

2.37319168E-4;

1.522266800128001E-4;

2.37319168E-4;

6.034369282048001E-4;

0.001575483272396801;

0.003669803008;

0.007557250608332801;

0.01401310412799998;

0.02385544334049277;

0.03787407299706882;

0.05675253452799993;

0.0809862119292927;

0.1108;

0.1460694655172606;

0.1862498943582202;

0.23031808;

0.2767321712508931;

0.3234153594880001;

0.3677696480985087;

0.4067264092438528;

0.4368408954880007;

0.4544383362531329;

0.4558197114879992;

0.4375357573562366;

0.3967382211739649;

0.3316178452479997;

0.2479961671794694;

0.336420797705422;

0.4001324769280007;

0.4394728622079992;

0.4563356548661254;

0.4536341749055499;

0.434865507617996;

0.40376128;

0.3640155873280001;

0.3190810526629885;

0.2720244644773886;

0.2254339000188926;

0.1813697044479998;

0.1413521582079997;

0.106379127508173;

0.07696745522298871;

0.05321231193210881;

0.03485918924799997;

0.02138368;

0.01207465226567679;

0.006116886662348791;

0.002669708733644801;

9.38610688E-4;

2.37319168E-4;

3.822815150080006E-5;

9.578507468800006E-6;

3.822815150080006E-5;

2.37319168E-4;

9.38610688E-4;

0.002669708733644801;

0.006116886662348791;

0.01207465226567679;

0.02138368;

0.03485918924799997;

0.05321231193210881;

0.07696745522298871;

0.106379127508173;

0.1413521582079997;

0.1813697044479998;

0.2254339000188926;

0.2720244644773886;

0.3190810526629885;

0.3640155873280001;

0.40376128;

0.434865507617996;

0.4536341749055499;

0.4563356548661254;

0.4394728622079992;

0.4001324769280007;

0.336420797705422;

0.25;

0.3380029673177096;

0.4012428709347322;

0.4400965627936757;

0.4564857434554363;

0.45334528;

0.43418806278062;

0.4027564589580285;

0.3627508831633403;

0.3176264680603646;

0.27044928;

0.2238039873814524;

0.1797453517570046;

0.1397863741390849;

0.1049163913904128;

0.07564288;

0.05205118696980473;

0.03387686995886086;

0.02058579125370886;

0.01145757255598079;

0.00566848;

0.002370271235276797;

7.619988307967997E-4;

1.522266800128001E-4;

9.578507468800006E-6;

0.0;

9.578507468800006E-6;

1.522266800128001E-4;

7.619988307967997E-4;

0.002370271235276797;

0.00566848;

0.01145757255598079;

0.02058579125370886;

0.03387686995886086;

0.05205118696980473;

0.07564288;

0.1049163913904128;

0.1397863741390849;

0.1797453517570046;

0.2238039873814524;

0.27044928;

0.3176264680603646;

0.3627508831633403;

0.4027564589580285;

0.43418806278062;

0.45334528;

0.4564857434554363;

0.4400965627936757;

0.4012428709347322;

0.3380029673177096;

0.2479961671794694;

0.336420797705422;

0.4001324769280007;

0.4394728622079992;

0.4563356548661254;

0.4536341749055499;

0.434865507617996;

0.40376128;

0.3640155873280001;

0.3190810526629885;

0.2720244644773886;

0.2254339000188926;

0.1813697044479998;

0.1413521582079997;

0.106379127508173;

0.07696745522298871;

0.05321231193210881;

0.03485918924799997;

0.02138368;

0.01207465226567679;

0.006116886662348791;

0.002669708733644801;

9.38610688E-4;

2.37319168E-4;

3.822815150080006E-5;

9.578507468800006E-6;

3.822815150080006E-5;

2.37319168E-4;

9.38610688E-4;

0.002669708733644801;

0.006116886662348791;

0.01207465226567679;

0.02138368;

0.03485918924799997;

0.05321231193210881;

0.07696745522298871;

0.106379127508173;

0.1413521582079997;

0.1813697044479998;

0.2254339000188926;

0.2720244644773886;

0.3190810526629885;

0.3640155873280001;

0.40376128;

0.434865507617996;

0.4536341749055499;

0.4563356548661254;

0.4394728622079992;

0.4001324769280007;

0.336420797705422;

0.2419390216880122;

0.3316178452479997;

0.3967382211739649;

0.4375357573562366;

0.4558197114879992;

0.4544383362531329;

0.4368408954880007;

0.4067264092438528;

0.3677696480985087;

0.3234153594880001;

0.2767321712508931;

0.23031808;

0.1862498943582202;

0.1460694655172606;

0.1108;

0.0809862119292927;

0.05675253452799993;

0.03787407299706882;

0.02385544334049277;

0.01401310412799998;

0.007557250608332801;

0.003669803008;

0.001575483272396801;

6.034369282048001E-4;

2.37319168E-4;

1.522266800128001E-4;

2.37319168E-4;

6.034369282048001E-4;

0.001575483272396801;

0.003669803008;

0.007557250608332801;

0.01401310412799998;

0.02385544334049277;

0.03787407299706882;

0.05675253452799993;

0.0809862119292927;

0.1108;

0.1460694655172606;

0.1862498943582202;

0.23031808;

0.2767321712508931;

0.3234153594880001;

0.3677696480985087;

0.4067264092438528;

0.4368408954880007;

0.4544383362531329;

0.4558197114879992;

0.4375357573562366;

0.3967382211739649;

0.3316178452479997;

0.2316942607187976;

0.3234266081279995;

0.390871935306957;

0.4340875486117875;

0.45474048;

0.4555691163271173;

0.4399416647679997;

0.4115015122894842;

0.3738899995230203;

0.3305375918079997;

0.2845148925984769;

0.2384354068480002;

0.194402424409293;

0.1539928559075327;

0.1182713159680002;

0.08782821110087681;

0.06283605196800002;

0.04311867217838077;

0.02822849818132481;

0.01752747724799999;

0.01026773295431679;

0.00566848;

0.002986192620748803;

0.001575483272396801;

9.38610688E-4;

7.619988307967997E-4;

9.38610688E-4;

0.001575483272396801;

0.002986192620748803;

0.00566848;

0.01026773295431679;

0.01752747724799999;

0.02822849818132481;

0.04311867217838077;

0.06283605196800002;

0.08782821110087681;

0.1182713159680002;

0.1539928559075327;

0.194402424409293;

0.2384354068480002;

0.2845148925984769;

0.3305375918079997;

0.3738899995230203;

0.4115015122894842;

0.4399416647679997;

0.4555691163271173;

0.45474048;

0.4340875486117875;

0.390871935306957;

0.3234266081279995;

0.2170470717472764;

0.3115742446747648;

0.382223746048;

0.4288;

0.4527678011097081;

0.4567087414509562;

0.4438747049771004;

0.4178284871679996;

0.3821620602880003;

0.3402834670256122;

0.2952637877075962;

0.2497360887021568;

0.2058387220479997;

0.1651958087679999;

0.1289282007482368;

0.09768867848519683;

0.07171560442593287;

0.05089971404799994;

0.03485918924799997;

0.02301862102958076;

0.0146879309037568;

0.009137782836428812;

0.00566848;

0.003669803008;

0.002669708733644801;

0.002370271235276797;

0.002669708733644801;

0.003669803008;

0.00566848;

0.009137782836428812;

0.0146879309037568;

0.02301862102958076;

0.03485918924799997;

0.05089971404799994;

0.07171560442593287;

0.09768867848519683;

0.1289282007482368;

0.1651958087679999;

0.2058387220479997;

0.2497360887021568;

0.2952637877075962;

0.3402834670256122;

0.3821620602880003;

0.4178284871679996;

0.4438747049771004;

0.4567087414509562;

0.4527678011097081;

0.4288;

0.382223746048;

0.3115742446747648;

0.1977164800000004;

0.2956928746405892;

0.370368495439053;

0.4212170435411969;

0.4494379431559172;

0.45740608;

0.4482189043498997;

0.4253309566271487;

0.3922663358660617;

0.3524000938344454;

0.3088;

0.2641205849571331;

0.2205418323509244;

0.1797453517570046;

0.1429213273980926;

0.1108;

0.08370190151188483;

0.06160152483758062;

0.04419957314682875;

0.03099939575726078;

0.02138368;

0.0146879309037568;

0.01026773295431679;

0.007557250608332801;

0.006116886662348791;

0.00566848;

0.006116886662348791;

0.007557250608332801;

0.01026773295431679;

0.0146879309037568;

0.02138368;

0.03099939575726078;

0.04419957314682875;

0.06160152483758062;

0.08370190151188483;

0.1108;

0.1429213273980926;

0.1797453517570046;

0.2205418323509244;

0.2641205849571331;

0.3088;

0.3524000938344454;

0.3922663358660617;

0.4253309566271487;

0.4482189043498997;

0.45740608;

0.4494379431559172;

0.4212170435411969;

0.370368495439053;

0.2956928746405892;

0.1733770533879811;

0.2753356194643968;

0.3547763476479995;

0.4107601838080005;

0.4441540356292602;

0.4570723360964599;

0.4524163349168131;

0.4335011758079998;

0.40376128;

0.3665250187214846;

0.3248501198635004;

0.2814117164351486;

0.2384354068480002;

0.1976681594880004;

0.1603803564556289;

0.1273927337771009;

0.09912243781140469;

0.07564288;

0.05675253452799993;

0.04204828588769285;

0.03099939575726078;

0.02301862102958076;

0.01752747724799999;

0.01401310412799998;

0.01207465226567679;

0.01145757255598079;

0.01207465226567679;

0.01401310412799998;

0.01752747724799999;

0.02301862102958076;

0.03099939575726078;

0.04204828588769285;

0.05675253452799993;

0.07564288;

0.09912243781140469;

0.1273927337771009;

0.1603803564556289;

0.1976681594880004;

0.2384354068480002;

0.2814117164351486;

0.3248501198635004;

0.3665250187214846;

0.40376128;

0.4335011758079998;

0.4524163349168131;

0.4570723360964599;

0.4441540356292602;

0.4107601838080005;

0.3547763476479995;

0.2753356194643968;

0.1436895833817085;

0.25;

0.3348292008214535;

0.3967382211739649;

0.4361894010879996;

0.4549782874636289;

0.4557636935680001;

0.4416859737899;

0.4160640340000774;

0.3821620602880003;

0.343017411267789;

0.3013215815680003;

0.2593466065420282;

0.2189097406578684;

0.1813697044479998;

0.147648257322189;

0.1182713159680002;

0.09342430048583679;

0.07301685282734078;

0.05675253452799993;

0.04419957314682875;

0.03485918924799997;

0.02822849818132481;

0.02385544334049277;

0.02138368;

0.02058579125370886;

0.02138368;

0.02385544334049277;

0.02822849818132481;

0.03485918924799997;

0.04419957314682875;

0.05675253452799993;

0.07301685282734078;

0.09342430048583679;

0.1182713159680002;

0.147648257322189;

0.1813697044479998;

0.2189097406578684;

0.2593466065420282;

0.3013215815680003;

0.343017411267789;

0.3821620602880003;

0.4160640340000774;

0.4416859737899;

0.4557636935680001;

0.4549782874636289;

0.4361894010879996;

0.3967382211739649;

0.3348292008214535;

0.25;

0.1083428227268602;

0.2191607726079993;

0.3098449848844284;

0.3783633746526203;

0.424695866368;

0.4502551483383812;

0.45740608;

0.4490738099027965;

0.428431124753613;

0.3986560122879991;

0.3627508831633403;

0.3234153594880001;

0.2829650000232445;

0.2432887945166854;

0.2058387220479997;

0.1716451306897406;

0.1413521582079997;

0.1152678759497728;

0.09342430048583679;

0.07564288;

0.06160152483758062;

0.05089971404799994;

0.04311867217838077;

0.03787407299706882;

0.03485918924799997;

0.03387686995886086;

0.03485918924799997;

0.03787407299706882;

0.04311867217838077;

0.05089971404799994;

0.06160152483758062;

0.07564288;

0.09342430048583679;

0.1152678759497728;

0.1413521582079997;

0.1716451306897406;

0.2058387220479997;

0.2432887945166854;

0.2829650000232445;

0.3234153594880001;

0.3627508831633403;

0.3986560122879991;

0.428431124753613;

0.4490738099027965;

0.45740608;

0.4502551483383812;

0.424695866368;

0.3783633746526203;

0.3098449848844284;

0.2191607726079993;

0.06710882332180466;

0.1823147469324297;

0.2791123886080001;

0.3547763476479995;

0.408719596408012;

0.4419016007630846;

0.4563356548661254;

0.4546854881279997;

0.4399416647679997;

0.4151687587053571;

0.3833147489845242;

0.3470745433489407;

0.3088;

0.27044928;

0.2335688251998209;

0.1993017189941244;

0.1684166496288769;

0.1413521582079997;

0.1182713159680002;

0.09912243781140469;

0.08370190151188483;

0.07171560442593287;

0.06283605196800002;

0.05675253452799993;

0.05321231193210881;

0.05205118696980473;

0.05321231193210881;

0.05675253452799993;

0.06283605196800002;

0.07171560442593287;

0.08370190151188483;

0.09912243781140469;

0.1182713159680002;

0.1413521582079997;

0.1684166496288769;

0.1993017189941244;

0.2335688251998209;

0.27044928;

0.3088;

0.3470745433489407;

0.3833147489845242;

0.4151687587053571;

0.4399416647679997;

0.4546854881279997;

0.4563356548661254;

0.4419016007630846;

0.408719596408012;

0.3547763476479995;

0.2791123886080001;

0.1823147469324297;

0.01991488000000046;

0.1390405911052296;

0.2419390216880122;

0.3250833423597575;

0.3872274564333562;

0.4288;

0.4513981838737406;

0.4573715353305084;

0.4494860599902213;

0.4306598066126838;

0.40376128;

0.3714626096201727;

0.3361398439886842;

0.2998132032667646;

0.2641205849571331;

0.23031808;

0.1993017189941244;

0.1716451306897406;

0.147648257322189;

0.1273927337771009;

0.1108;

0.09768867848519683;

0.08782821110087681;

0.0809862119292927;

0.07696745522298871;

0.07564288;

0.07696745522298871;

0.0809862119292927;

0.08782821110087681;

0.09768867848519683;

0.1108;

0.1273927337771009;

0.147648257322189;

0.1716451306897406;

0.1993017189941244;

0.23031808;

0.2641205849571331;

0.2998132032667646;

0.3361398439886842;

0.3714626096201727;

0.40376128;

0.4306598066126838;

0.4494860599902213;

0.4573715353305084;

0.4513981838737406;

0.4288;

0.3872274564333562;

0.3250833423597575;

0.2419390216880122;

0.1390405911052296;

-0.03306445161758722;

0.08907709254369324;

0.1977164800000004;

0.2884084910079993;

0.3591473706631171;

0.4097452222332929;

0.4413109359935495;

0.4558197114879992;

0.4557636935680001;

0.4438747049771004;

0.4229105206755328;

0.3954965915189246;

0.3640155873280001;

0.3305375918079997;

0.2967842441986043;

0.2641205849571331;

0.2335688251998209;

0.2058387220479997;

0.1813697044479998;

0.1603803564556289;

0.1429213273980926;

0.1289282007482368;

0.1182713159680002;

0.1108;

0.106379127508173;

0.1049163913904128;

0.106379127508173;

0.1108;

0.1182713159680002;

0.1289282007482368;

0.1429213273980926;

0.1603803564556289;

0.1813697044479998;

0.2058387220479997;

0.2335688251998209;

0.2641205849571331;

0.2967842441986043;

0.3305375918079997;

0.3640155873280001;

0.3954965915189246;

0.4229105206755328;

0.4438747049771004;

0.4557636935680001;

0.4558197114879992;

0.4413109359935495;

0.4097452222332929;

0.3591473706631171;

0.2884084910079993;

0.1977164800000004;

0.08907709254369324;

-0.09129133261291532;

0.03242380492799919;

0.1460062446174205;

0.2439656344649733;

0.3234266081279995;

0.3834900851458057;

0.424695866368;

0.4485765825036276;

0.4572935161397238;

0.45334528;

0.4393407966363652;

0.4178284871679996;

0.3911740391047177;

0.3614795857133574;

0.3305375918079997;

0.2998132032667646;

0.27044928;

0.2432887945166854;

0.2189097406578684;

0.1976681594880004;

0.1797453517570046;

0.1651958087679999;

0.1539928559075327;

0.1460694655172606;

0.1413521582079997;

0.1397863741390849;

0.1413521582079997;

0.1460694655172606;

0.1539928559075327;

0.1651958087679999;

0.1797453517570046;

0.1976681594880004;

0.2189097406578684;

0.2432887945166854;

0.27044928;

0.2998132032667646;

0.3305375918079997;

0.3614795857133574;

0.3911740391047177;

0.4178284871679996;

0.4393407966363652;

0.45334528;

0.4572935161397238;

0.4485765825036276;

0.424695866368;

0.3834900851458057;

0.3234266081279995;

0.2439656344649733;

0.1460062446174205;

0.03242380492799919;

-0.1537202205949951;

-0.0305315256320001;

0.08665080760238082;

0.1911538413027327;

0.2791123886080001;

0.3488117343797242;

0.4001324769280007;

0.4340875486117875;

0.4524419356622855;

0.45740608;

0.4513944082382851;

0.4368408954880007;

0.4160640340000774;

0.3911740391047177;

0.3640155873280001;

0.3361398439886842;

0.3088;

0.2829650000232445;

0.2593466065420282;

0.2384354068480002;

0.2205418323509244;

0.2058387220479997;

0.194402424409293;

0.1862498943582202;

0.1813697044479998;

0.1797453517570046;

0.1813697044479998;

0.1862498943582202;

0.194402424409293;

0.2058387220479997;

0.2205418323509244;

0.2384354068480002;

0.2593466065420282;

0.2829650000232445;

0.3088;

0.3361398439886842;

0.3640155873280001;

0.3911740391047177;

0.4160640340000774;

0.4368408954880007;

0.4513944082382851;

0.45740608;

0.4524419356622855;

0.4340875486117875;

0.4001324769280007;

0.3488117343797242;

0.2791123886080001;

0.1911538413027327;

0.08665080760238082;

-0.0305315256320001;

-0.218620196426547;

-0.09885389980958736;

0.01991488000000046;

0.1296815226879998;

0.2254596641210362;

0.3046038513123331;

0.3662352101490688;

0.4107601838080005;

0.4394728622079992;

0.4542318852702216;

0.4572033651785736;

0.450661735255245;

0.4368408954880007;

0.4178284871679996;

0.3954965915189246;

0.3714626096201727;

0.3470745433489407;

0.3234153594880001;

0.3013215815680003;

0.2814117164351486;

0.2641205849571331;

0.2497360887021568;

0.2384354068480002;

0.23031808;

0.2254339000188926;

0.2238039873814524;

0.2254339000188926;

0.23031808;

0.2384354068480002;

0.2497360887021568;

0.2641205849571331;

0.2814117164351486;

0.3013215815680003;

0.3234153594880001;

0.3470745433489407;

0.3714626096201727;

0.3954965915189246;

0.4178284871679996;

0.4368408954880007;

0.450661735255245;

0.4572033651785736;

0.4542318852702216;

0.4394728622079992;

0.4107601838080005;

0.3662352101490688;

0.3046038513123331;

0.2254596641210362;

0.1296815226879998;

0.01991488000000046;

-0.09885389980958736;

-0.283358719999999;

-0.1708650518003707;

-0.05333800011038778;

0.05972446097735669;

0.1620713938157566;

0.25;

0.3217606938001405;

0.3770562041561088;

0.4166252255838215;

0.4419016007630846;

0.45474048;

0.4572033651785736;

0.4513944082382851;

0.4393407966363652;

0.4229105206755328;

0.40376128;

0.3833147489845242;

0.3627508831633403;

0.343017411267789;

0.3248501198635004;

0.3088;

0.2952637877075962;

0.2845148925984769;

0.2767321712508931;

0.2720244644773886;

0.27044928;

0.2720244644773886;

0.2767321712508931;

0.2845148925984769;

0.2952637877075962;

0.3088;

0.3248501198635004;

0.343017411267789;

0.3627508831633403;

0.3833147489845242;

0.40376128;

0.4229105206755328;

0.4393407966363652;

0.4513944082382851;

0.4572033651785736;

0.45474048;

0.4419016007630846;

0.4166252255838215;

0.3770562041561088;

0.3217606938001405;

0.25;

0.1620713938157566;

0.05972446097735669;

-0.05333800011038778;

-0.1708650518003707;

-0.3441410347876344;

-0.2439047033126911;

-0.1314276792319992;

-0.01787646771199991;

0.08907709254369324;

0.1845338935656442;

0.2657506169602045;

0.3316178452479997;

0.382223746048;

0.4184943118778362;

0.4419016007630846;

0.4542318852702216;

0.45740608;

0.45334528;

0.4438747049771004;

0.4306598066126838;

0.4151687587053571;

0.3986560122879991;

0.3821620602880003;

0.3665250187214846;

0.3524000938344454;

0.3402834670256122;

0.3305375918079997;

0.3234153594880001;

0.3190810526629885;

0.3176264680603646;

0.3190810526629885;

0.3234153594880001;

0.3305375918079997;

0.3402834670256122;

0.3524000938344454;

0.3665250187214846;

0.3821620602880003;

0.3986560122879991;

0.4151687587053571;

0.4306598066126838;

0.4438747049771004;

0.45334528;

0.45740608;

0.4542318852702216;

0.4419016007630846;

0.4184943118778362;

0.382223746048;

0.3316178452479997;

0.2657506169602045;

0.1845338935656442;

0.08907709254369324;

-0.01787646771199991;

-0.1314276792319992;

-0.2439047033126911;

-0.3956989784686586;

-0.3140428421119997;

-0.2115921770381308;

-0.101371634258739;

0.007355895808000557;

0.1083428227268602;

0.1977164800000004;

0.273434891513037;

0.3348292008214535;

0.382223746048;

0.4166252255838215;

0.4394728622079992;

0.4524419356622855;

0.4572935161397238;

0.4557636935680001;

0.4494860599902213;

0.4399416647679997;

0.428431124753613;

0.4160640340000774;

0.40376128;

0.3922663358660617;

0.3821620602880003;

0.3738899995230203;

0.3677696480985087;

0.3640155873280001;

0.3627508831633403;

0.3640155873280001;

0.3677696480985087;

0.3738899995230203;

0.3821620602880003;

0.3922663358660617;

0.40376128;

0.4160640340000774;

0.428431124753613;

0.4399416647679997;

0.4494860599902213;

0.4557636935680001;

0.4572935161397238;

0.4524419356622855;

0.4394728622079992;

0.4166252255838215;

0.382223746048;

0.3348292008214535;

0.273434891513037;

0.1977164800000004;

0.1083428227268602;

0.007355895808000557;

-0.101371634258739;

-0.2115921770381308;

-0.3140428421119997;

-0.4309224945139718;

-0.37573632;

-0.2896683468111872;

-0.1878063555018747;

-0.08118915379199963;

0.02242095158394903;

0.1178729236480004;

0.2020590624964608;

0.273434891513037;

0.3316178452479997;

0.3770562041561088;

0.4107601838080005;

0.4340875486117875;

0.4485765825036276;

0.4558197114879992;

0.4573715353305084;

0.4546854881279997;

0.4490738099027965;

0.4416859737899;

0.4335011758079998;

0.4253309566271487;

0.4178284871679996;

0.4115015122894842;

0.4067264092438528;

0.40376128;

0.4027564589580285;

0.40376128;

0.4067264092438528;

0.4115015122894842;

0.4178284871679996;

0.4253309566271487;

0.4335011758079998;

0.4416859737899;

0.4490738099027965;

0.4546854881279997;

0.4573715353305084;

0.4558197114879992;

0.4485765825036276;

0.4340875486117875;

0.4107601838080005;

0.3770562041561088;

0.3316178452479997;

0.273434891513037;

0.2020590624964608;

0.1178729236480004;

0.02242095158394903;

-0.08118915379199963;

-0.1878063555018747;

-0.2896683468111872;

-0.37573632;

-0.4404266771873794;

-0.421422602687283;

-0.3597112401920003;

-0.272664783872;

-0.1732984310792195;

-0.07107035179089845;

0.02742680468193298;

0.1178729236480004;

0.1977164800000004;

0.2657506169602045;

0.3217606938001405;

0.3662352101490688;

0.4001324769280007;

0.424695866368;

0.4413109359935495;

0.4513981838737406;

0.4563356548661254;

0.45740608;

0.4557636935680001;

0.4524163349168131;

0.4482189043498997;

0.4438747049771004;

0.4399416647679997;

0.4368408954880007;

0.434865507617996;

0.43418806278062;

0.434865507617996;

0.4368408954880007;

0.4399416647679997;

0.4438747049771004;

0.4482189043498997;

0.4524163349168131;

0.4557636935680001;

0.45740608;

0.4563356548661254;

0.4513981838737406;

0.4413109359935495;

0.424695866368;

0.4001324769280007;

0.3662352101490688;

0.3217606938001405;

0.2657506169602045;

0.1977164800000004;

0.1178729236480004;

0.02742680468193298;

-0.07107035179089845;

-0.1732984310792195;

-0.272664783872;

-0.3597112401920003;

-0.421422602687283;

-0.41204672;

-0.4410430415962107;

-0.4135445462761455;

-0.3494463577260038;

-0.2639570338168828;

-0.1684275200000012;

-0.07107035179089845;

0.02242095158394903;

0.1083428227268602;

0.1845338935656442;

0.25;

0.3046038513123331;

0.3488117343797242;

0.3834900851458057;

0.4097452222332929;

0.4288;

0.4419016007630846;

0.4502551483383812;

0.4549782874636289;

0.4570723360964599;

0.45740608;

0.4567087414509562;

0.4555691163271173;

0.4544383362531329;

0.4536341749055499;

0.45334528;

0.4536341749055499;

0.4544383362531329;

0.4555691163271173;

0.4567087414509562;

0.45740608;

0.4570723360964599;

0.4549782874636289;

0.4502551483383812;

0.4419016007630846;

0.4288;

0.4097452222332929;

0.3834900851458057;

0.3488117343797242;

0.3046038513123331;

0.25;

0.1845338935656442;

0.1083428227268602;

0.02242095158394903;

-0.07107035179089845;

-0.1684275200000012;

-0.2639570338168828;

-0.3494463577260038;

-0.4135445462761455;

-0.4410430415962107;

-0.3302526752325631;

-0.4214875752087555;

-0.4402340126720001;

-0.40916672;

-0.3459219768410116;

-0.2639570338168828;

-0.1732984310792195;

-0.08118915379199963;

0.007355895808000557;

0.08907709254369324;

0.1620713938157566;

0.2254596641210362;

0.2791123886080001;

0.3234266081279995;

0.3591473706631171;

0.3872274564333562;

0.408719596408012;

0.424695866368;

0.4361894010879996;

0.4441540356292602;

0.4494379431559172;

0.4527678011097081;

0.45474048;

0.4558197114879992;

0.4563356548661254;

0.4564857434554363;

0.4563356548661254;

0.4558197114879992;

0.45474048;

0.4527678011097081;

0.4494379431559172;

0.4441540356292602;

0.4361894010879996;

0.424695866368;

0.408719596408012;

0.3872274564333562;

0.3591473706631171;

0.3234266081279995;

0.2791123886080001;

0.2254596641210362;

0.1620713938157566;

0.08907709254369324;

0.007355895808000557;

-0.08118915379199963;

-0.1732984310792195;

-0.2639570338168828;

-0.3459219768410116;

-0.40916672;

-0.4402340126720001;

-0.4214875752087555;

-0.1754754697183231;

-0.3459523051519999;

-0.4254752937132037;

-0.4397745503731715;

-0.40916672;

-0.3494463577260038;

-0.272664783872;

-0.1878063555018747;

-0.101371634258739;

-0.01787646771199991;

0.05972446097735669;

0.1296815226879998;

0.1911538413027327;

0.2439656344649733;

0.2884084910079993;

0.3250833423597575;

0.3547763476479995;

0.3783633746526203;

0.3967382211739649;

0.4107601838080005;

0.4212170435411969;

0.4288;

0.4340875486117875;

0.4375357573562366;

0.4394728622079992;

0.4400965627936757;

0.4394728622079992;

0.4375357573562366;

0.4340875486117875;

0.4288;

0.4212170435411969;

0.4107601838080005;

0.3967382211739649;

0.3783633746526203;

0.3547763476479995;

0.3250833423597575;

0.2884084910079993;

0.2439656344649733;

0.1911538413027327;

0.1296815226879998;

0.05972446097735669;

-0.01787646771199991;

-0.101371634258739;

-0.1878063555018747;

-0.272664783872;

-0.3494463577260038;

-0.40916672;

-0.4397745503731715;

-0.4254752937132037;

-0.3459523051519999;

0.07666484034273343;

-0.1932009297919994;

-0.3508872085962756;

-0.4254752937132037;

-0.4402340126720001;

-0.4135445462761455;

-0.3597112401920003;

-0.2896683468111872;

-0.2115921770381308;

-0.1314276792319992;

-0.05333800011038778;

0.01991488000000046;

0.08665080760238082;

0.1460062446174205;

0.1977164800000004;

0.2419390216880122;

0.2791123886080001;

0.3098449848844284;

0.3348292008214535;

0.3547763476479995;

0.370368495439053;

0.382223746048;

0.390871935306957;

0.3967382211739649;

0.4001324769280007;

0.4012428709347322;

0.4001324769280007;

0.3967382211739649;

0.390871935306957;

0.382223746048;

0.370368495439053;

0.3547763476479995;

0.3348292008214535;

0.3098449848844284;

0.2791123886080001;

0.2419390216880122;

0.1977164800000004;

0.1460062446174205;

0.08665080760238082;

0.01991488000000046;

-0.05333800011038778;

-0.1314276792319992;

-0.2115921770381308;

-0.2896683468111872;

-0.3597112401920003;

-0.4135445462761455;

-0.4402340126720001;

-0.4254752937132037;

-0.3508872085962756;

-0.1932009297919994;

0.4562380551897088;

0.06327944431535082;

-0.1932009297919994;

-0.3459523051519999;

-0.4214875752087555;

-0.4410430415962107;

-0.421422602687283;

-0.37573632;

-0.3140428421119997;

-0.2439047033126911;

-0.1708650518003707;

-0.09885389980958736;

-0.0305315256320001;

0.03242380492799919;

0.08907709254369324;

0.1390405911052296;

0.1823147469324297;

0.2191607726079993;

0.25;

0.2753356194643968;

0.2956928746405892;

0.3115742446747648;

0.3234266081279995;

0.3316178452479997;

0.336420797705422;

0.3380029673177096;

0.336420797705422;

0.3316178452479997;

0.3234266081279995;

0.3115742446747648;

0.2956928746405892;

0.2753356194643968;

0.25;

0.2191607726079993;

0.1823147469324297;

0.1390405911052296;

0.08907709254369324;

0.03242380492799919;

-0.0305315256320001;

-0.09885389980958736;

-0.1708650518003707;

-0.2439047033126911;

-0.3140428421119997;

-0.37573632;

-0.421422602687283;

-0.4410430415962107;

-0.4214875752087555;

-0.3459523051519999;

-0.1932009297919994;

0.06327944431535082;
