
1.0;

0.4562380551897088;

0.07666484034273158;

-0.1754754697183231;

-0.3302526752325631;

-0.4120467199999981;

-0.4404266771873788;

-0.4309224945139718;

-0.3956989784686582;

-0.3441410347876344;

-0.28335872;

-0.218620196426547;

-0.1537202205949965;

-0.09129133261291532;

-0.03306445161758795;

0.01991488000000009;

0.06710882332180576;

0.1083428227268609;

0.1436895833817084;

0.1733770533879818;

0.19771648;

0.2170470717472762;

0.2316942607187976;

0.2419390216880118;

0.2479961671794686;

0.25;

0.2479961671794686;

0.2419390216880118;

0.2316942607187976;

0.2170470717472762;

0.19771648;

0.1733770533879818;

0.1436895833817084;

0.1083428227268609;

0.06710882332180576;

0.01991488000000009;

-0.03306445161758795;

-0.09129133261291532;

-0.1537202205949965;

-0.218620196426547;

-0.28335872;

-0.3441410347876344;

-0.3956989784686582;

-0.4309224945139718;

-0.4404266771873788;

-0.4120467199999981;

-0.3302526752325631;

-0.1754754697183231;

0.07666484034273158;

0.4562380551897088;

0.4562380551897088;

0.06327944431535025;

-0.1932009297919987;

-0.3459523051519999;

-0.4214875752087541;

-0.4410430415962107;

-0.421422602687283;

-0.37573632;

-0.3140428421120009;

-0.2439047033126906;

-0.1708650518003707;

-0.09885389980958765;

-0.0305315256319997;

0.03242380492799995;

0.08907709254369402;

0.1390405911052287;

0.1823147469324297;

0.2191607726079998;

0.25;

0.2753356194643966;

0.2956928746405886;

0.3115742446747648;

0.3234266081279995;

0.3316178452479988;

0.3364207977054212;

0.3380029673177096;

0.3364207977054212;

0.3316178452479988;

0.3234266081279995;

0.3115742446747648;

0.2956928746405886;

0.2753356194643966;

0.25;

0.2191607726079998;

0.1823147469324297;

0.1390405911052287;

0.08907709254369402;

0.03242380492799995;

-0.0305315256319997;

-0.09885389980958765;

-0.1708650518003707;

-0.2439047033126906;

-0.3140428421120009;

-0.37573632;

-0.421422602687283;

-0.4410430415962107;

-0.4214875752087541;

-0.3459523051519999;

-0.1932009297919987;

0.06327944431535025;

0.07666484034273158;

-0.1932009297919987;

-0.3508872085962748;

-0.4254752937132054;

-0.4402340126720008;

-0.4135445462761455;

-0.3597112401920003;

-0.2896683468111864;

-0.2115921770381318;

-0.1314276792319981;

-0.05333800011038625;

0.01991488000000009;

0.08665080760238014;

0.146006244617421;

0.19771648;

0.2419390216880118;

0.2791123886080001;

0.3098449848844272;

0.3348292008214535;

0.3547763476479995;

0.3703684954390514;

0.3822237460479993;

0.390871935306957;

0.3967382211739649;

0.4001324769280007;

0.4012428709347336;

0.4001324769280007;

0.3967382211739649;

0.390871935306957;

0.3822237460479993;

0.3703684954390514;

0.3547763476479995;

0.3348292008214535;

0.3098449848844272;

0.2791123886080001;

0.2419390216880118;

0.19771648;

0.146006244617421;

0.08665080760238014;

0.01991488000000009;

-0.05333800011038625;

-0.1314276792319981;

-0.2115921770381318;

-0.2896683468111864;

-0.3597112401920003;

-0.4135445462761455;

-0.4402340126720008;

-0.4254752937132054;

-0.3508872085962748;

-0.1932009297919987;

-0.1754754697183231;

-0.3459523051519999;

-0.4254752937132054;

-0.4397745503731715;

-0.40916672;

-0.3494463577260038;

-0.272664783872;

-0.1878063555018752;

-0.101371634258739;

-0.01787646771200005;

0.05972446097735648;

0.1296815226880004;

0.1911538413027334;

0.2439656344649733;

0.2884084910079993;

0.3250833423597566;

0.3547763476479995;

0.3783633746526204;

0.3967382211739649;

0.4107601838080005;

0.4212170435411969;

0.4288000000000013;

0.4340875486117886;

0.4375357573562373;

0.4394728622080003;

0.4400965627936757;

0.4394728622080003;

0.4375357573562373;

0.4340875486117886;

0.4288000000000013;

0.4212170435411969;

0.4107601838080005;

0.3967382211739649;

0.3783633746526204;

0.3547763476479995;

0.3250833423597566;

0.2884084910079993;

0.2439656344649733;

0.1911538413027334;

0.1296815226880004;

0.05972446097735648;

-0.01787646771200005;

-0.101371634258739;

-0.1878063555018752;

-0.272664783872;

-0.3494463577260038;

-0.40916672;

-0.4397745503731715;

-0.4254752937132054;

-0.3459523051519999;

-0.3302526752325631;

-0.4214875752087541;

-0.4402340126720008;

-0.40916672;

-0.3459219768410126;

-0.2639570338168832;

-0.1732984310792176;

-0.08118915379199945;

0.007355895807999203;

0.08907709254369402;

0.1620713938157566;

0.2254596641210362;

0.2791123886080001;

0.3234266081279995;

0.3591473706631171;

0.3872274564333569;

0.4087195964080115;

0.4246958663679997;

0.4361894010879996;

0.4441540356292602;

0.4494379431559179;

0.4527678011097092;

0.45474048;

0.4558197114879992;

0.4563356548661235;

0.4564857434554363;

0.4563356548661235;

0.4558197114879992;

0.45474048;

0.4527678011097092;

0.4494379431559179;

0.4441540356292602;

0.4361894010879996;

0.4246958663679997;

0.4087195964080115;

0.3872274564333569;

0.3591473706631171;

0.3234266081279995;

0.2791123886080001;

0.2254596641210362;

0.1620713938157566;

0.08907709254369402;

0.007355895807999203;

-0.08118915379199945;

-0.1732984310792176;

-0.2639570338168832;

-0.3459219768410126;

-0.40916672;

-0.4402340126720008;

-0.4214875752087541;

-0.4120467199999981;

-0.4410430415962107;

-0.4135445462761455;

-0.3494463577260038;

-0.2639570338168832;

-0.1684275200000018;

-0.07107035179089764;

0.02242095158394922;

0.1083428227268609;

0.1845338935656445;

0.25;

0.3046038513123331;

0.3488117343797242;

0.3834900851458048;

0.4097452222332929;

0.4288000000000013;

0.4419016007630846;

0.4502551483383812;

0.4549782874636289;

0.4570723360964611;

0.45740608;

0.4567087414509561;

0.4555691163271173;

0.4544383362531329;

0.4536341749055481;

0.45334528;

0.4536341749055481;

0.4544383362531329;

0.4555691163271173;

0.4567087414509561;

0.45740608;

0.4570723360964611;

0.4549782874636289;

0.4502551483383812;

0.4419016007630846;

0.4288000000000013;

0.4097452222332929;

0.3834900851458048;

0.3488117343797242;

0.3046038513123331;

0.25;

0.1845338935656445;

0.1083428227268609;

0.02242095158394922;

-0.07107035179089764;

-0.1684275200000018;

-0.2639570338168832;

-0.3494463577260038;

-0.4135445462761455;

-0.4410430415962107;

-0.4404266771873788;

-0.421422602687283;

-0.3597112401920003;

-0.272664783872;

-0.1732984310792176;

-0.07107035179089764;

0.02742680468193233;

0.1178729236480004;

0.19771648;

0.2657506169602037;

0.3217606938001405;

0.3662352101490688;

0.4001324769280007;

0.4246958663679997;

0.4413109359935495;

0.4513981838737406;

0.4563356548661235;

0.45740608;

0.4557636935680001;

0.4524163349168121;

0.4482189043498997;

0.4438747049771004;

0.4399416647679997;

0.4368408954880007;

0.434865507617996;

0.4341880627806194;

0.434865507617996;

0.4368408954880007;

0.4399416647679997;

0.4438747049771004;

0.4482189043498997;

0.4524163349168121;

0.4557636935680001;

0.45740608;

0.4563356548661235;

0.4513981838737406;

0.4413109359935495;

0.4246958663679997;

0.4001324769280007;

0.3662352101490688;

0.3217606938001405;

0.2657506169602037;

0.19771648;

0.1178729236480004;

0.02742680468193233;

-0.07107035179089764;

-0.1732984310792176;

-0.272664783872;

-0.3597112401920003;

-0.421422602687283;

-0.4309224945139718;

-0.37573632;

-0.2896683468111864;

-0.1878063555018752;

-0.08118915379199945;

0.02242095158394922;

0.1178729236480004;

0.2020590624964608;

0.273434891513037;

0.3316178452479988;

0.3770562041561088;

0.4107601838080005;

0.4340875486117886;

0.4485765825036276;

0.4558197114879992;

0.4573715353305088;

0.4546854881279997;

0.4490738099027961;

0.4416859737899011;

0.4335011758079998;

0.4253309566271487;

0.4178284871679996;

0.4115015122894854;

0.4067264092438519;

0.40376128;

0.4027564589580291;

0.40376128;

0.4067264092438519;

0.4115015122894854;

0.4178284871679996;

0.4253309566271487;

0.4335011758079998;

0.4416859737899011;

0.4490738099027961;

0.4546854881279997;

0.4573715353305088;

0.4558197114879992;

0.4485765825036276;

0.4340875486117886;

0.4107601838080005;

0.3770562041561088;

0.3316178452479988;

0.273434891513037;

0.2020590624964608;

0.1178729236480004;

0.02242095158394922;

-0.08118915379199945;

-0.1878063555018752;

-0.2896683468111864;

-0.37573632;

-0.3956989784686582;

-0.3140428421120009;

-0.2115921770381318;

-0.101371634258739;

0.007355895807999203;

0.1083428227268609;

0.19771648;

0.273434891513037;

0.3348292008214535;

0.3822237460479993;

0.4166252255838215;

0.4394728622080003;

0.4524419356622855;

0.4572935161397238;

0.4557636935680001;

0.44948605999022;

0.4399416647679997;

0.428431124753613;

0.4160640340000774;

0.40376128;

0.3922663358660609;

0.3821620602880005;

0.3738899995230203;

0.3677696480985087;

0.3640155873280001;

0.3627508831633403;

0.3640155873280001;

0.3677696480985087;

0.3738899995230203;

0.3821620602880005;

0.3922663358660609;

0.40376128;

0.4160640340000774;

0.428431124753613;

0.4399416647679997;

0.44948605999022;

0.4557636935680001;

0.4572935161397238;

0.4524419356622855;

0.4394728622080003;

0.4166252255838215;

0.3822237460479993;

0.3348292008214535;

0.273434891513037;

0.19771648;

0.1083428227268609;

0.007355895807999203;

-0.101371634258739;

-0.2115921770381318;

-0.3140428421120009;

-0.3441410347876344;

-0.2439047033126906;

-0.1314276792319981;

-0.01787646771200005;

0.08907709254369402;

0.1845338935656445;

0.2657506169602037;

0.3316178452479988;

0.3822237460479993;

0.4184943118778362;

0.4419016007630846;

0.4542318852702216;

0.45740608;

0.45334528;

0.4438747049771004;

0.4306598066126838;

0.4151687587053571;

0.3986560122879997;

0.3821620602880005;

0.3665250187214846;

0.3524000938344454;

0.3402834670256132;

0.330537591807999;

0.3234153594880001;

0.3190810526629878;

0.3176264680603639;

0.3190810526629878;

0.3234153594880001;

0.330537591807999;

0.3402834670256132;

0.3524000938344454;

0.3665250187214846;

0.3821620602880005;

0.3986560122879997;

0.4151687587053571;

0.4306598066126838;

0.4438747049771004;

0.45334528;

0.45740608;

0.4542318852702216;

0.4419016007630846;

0.4184943118778362;

0.3822237460479993;

0.3316178452479988;

0.2657506169602037;

0.1845338935656445;

0.08907709254369402;

-0.01787646771200005;

-0.1314276792319981;

-0.2439047033126906;

-0.28335872;

-0.1708650518003707;

-0.05333800011038625;

0.05972446097735648;

0.1620713938157566;

0.25;

0.3217606938001405;

0.3770562041561088;

0.4166252255838215;

0.4419016007630846;

0.45474048;

0.4572033651785736;

0.4513944082382838;

0.4393407966363652;

0.4229105206755324;

0.40376128;

0.3833147489845242;

0.3627508831633403;

0.343017411267789;

0.3248501198635004;

0.3088;

0.2952637877075962;

0.284514892598477;

0.2767321712508925;

0.2720244644773884;

0.27044928;

0.2720244644773884;

0.2767321712508925;

0.284514892598477;

0.2952637877075962;

0.3088;

0.3248501198635004;

0.343017411267789;

0.3627508831633403;

0.3833147489845242;

0.40376128;

0.4229105206755324;

0.4393407966363652;

0.4513944082382838;

0.4572033651785736;

0.45474048;

0.4419016007630846;

0.4166252255838215;

0.3770562041561088;

0.3217606938001405;

0.25;

0.1620713938157566;

0.05972446097735648;

-0.05333800011038625;

-0.1708650518003707;

-0.218620196426547;

-0.09885389980958765;

0.01991488000000009;

0.1296815226880004;

0.2254596641210362;

0.3046038513123331;

0.3662352101490688;

0.4107601838080005;

0.4394728622080003;

0.4542318852702216;

0.4572033651785736;

0.450661735255245;

0.4368408954880007;

0.4178284871679996;

0.3954965915189241;

0.3714626096201727;

0.3470745433489413;

0.3234153594880001;

0.3013215815679992;

0.2814117164351486;

0.2641205849571335;

0.2497360887021566;

0.2384354068480002;

0.23031808;

0.2254339000188926;

0.2238039873814524;

0.2254339000188926;

0.23031808;

0.2384354068480002;

0.2497360887021566;

0.2641205849571335;

0.2814117164351486;

0.3013215815679992;

0.3234153594880001;

0.3470745433489413;

0.3714626096201727;

0.3954965915189241;

0.4178284871679996;

0.4368408954880007;

0.450661735255245;

0.4572033651785736;

0.4542318852702216;

0.4394728622080003;

0.4107601838080005;

0.3662352101490688;

0.3046038513123331;

0.2254596641210362;

0.1296815226880004;

0.01991488000000009;

-0.09885389980958765;

-0.1537202205949965;

-0.0305315256319997;

0.08665080760238014;

0.1911538413027334;

0.2791123886080001;

0.3488117343797242;

0.4001324769280007;

0.4340875486117886;

0.4524419356622855;

0.45740608;

0.4513944082382838;

0.4368408954880007;

0.4160640340000774;

0.3911740391047177;

0.3640155873280001;

0.3361398439886842;

0.3088;

0.2829650000232445;

0.2593466065420282;

0.2384354068480002;

0.2205418323509244;

0.2058387220479997;

0.194402424409293;

0.1862498943582207;

0.1813697044479998;

0.1797453517570046;

0.1813697044479998;

0.1862498943582207;

0.194402424409293;

0.2058387220479997;

0.2205418323509244;

0.2384354068480002;

0.2593466065420282;

0.2829650000232445;

0.3088;

0.3361398439886842;

0.3640155873280001;

0.3911740391047177;

0.4160640340000774;

0.4368408954880007;

0.4513944082382838;

0.45740608;

0.4524419356622855;

0.4340875486117886;

0.4001324769280007;

0.3488117343797242;

0.2791123886080001;

0.1911538413027334;

0.08665080760238014;

-0.0305315256319997;

-0.09129133261291532;

0.03242380492799995;

0.146006244617421;

0.2439656344649733;

0.3234266081279995;

0.3834900851458048;

0.4246958663679997;

0.4485765825036276;

0.4572935161397238;

0.45334528;

0.4393407966363652;

0.4178284871679996;

0.3911740391047177;

0.3614795857133574;

0.330537591807999;

0.2998132032667647;

0.27044928;

0.2432887945166854;

0.2189097406578688;

0.1976681594880004;

0.1797453517570046;

0.165195808768;

0.153992855907533;

0.1460694655172609;

0.1413521582079997;

0.1397863741390849;

0.1413521582079997;

0.1460694655172609;

0.153992855907533;

0.165195808768;

0.1797453517570046;

0.1976681594880004;

0.2189097406578688;

0.2432887945166854;

0.27044928;

0.2998132032667647;

0.330537591807999;

0.3614795857133574;

0.3911740391047177;

0.4178284871679996;

0.4393407966363652;

0.45334528;

0.4572935161397238;

0.4485765825036276;

0.4246958663679997;

0.3834900851458048;

0.3234266081279995;

0.2439656344649733;

0.146006244617421;

0.03242380492799995;

-0.03306445161758795;

0.08907709254369402;

0.19771648;

0.2884084910079993;

0.3591473706631171;

0.4097452222332929;

0.4413109359935495;

0.4558197114879992;

0.4557636935680001;

0.4438747049771004;

0.4229105206755324;

0.3954965915189241;

0.3640155873280001;

0.330537591807999;

0.2967842441986054;

0.2641205849571335;

0.2335688251998209;

0.2058387220479997;

0.1813697044479998;

0.1603803564556289;

0.1429213273980926;

0.1289282007482368;

0.1182713159679999;

0.1108;

0.1063791275081726;

0.1049163913904131;

0.1063791275081726;

0.1108;

0.1182713159679999;

0.1289282007482368;

0.1429213273980926;

0.1603803564556289;

0.1813697044479998;

0.2058387220479997;

0.2335688251998209;

0.2641205849571335;

0.2967842441986054;

0.330537591807999;

0.3640155873280001;

0.3954965915189241;

0.4229105206755324;

0.4438747049771004;

0.4557636935680001;

0.4558197114879992;

0.4413109359935495;

0.4097452222332929;

0.3591473706631171;

0.2884084910079993;

0.19771648;

0.08907709254369402;

0.01991488000000009;

0.1390405911052287;

0.2419390216880118;

0.3250833423597566;

0.3872274564333569;

0.4288000000000013;

0.4513981838737406;

0.4573715353305088;

0.44948605999022;

0.4306598066126838;

0.40376128;

0.3714626096201727;

0.3361398439886842;

0.2998132032667647;

0.2641205849571335;

0.23031808;

0.1993017189941244;

0.1716451306897406;

0.147648257322189;

0.127392733777101;

0.1108;

0.09768867848519673;

0.08782821110087681;

0.08098621192929288;

0.07696745522298871;

0.07564288;

0.07696745522298871;

0.08098621192929288;

0.08782821110087681;

0.09768867848519673;

0.1108;

0.127392733777101;

0.147648257322189;

0.1716451306897406;

0.1993017189941244;

0.23031808;

0.2641205849571335;

0.2998132032667647;

0.3361398439886842;

0.3714626096201727;

0.40376128;

0.4306598066126838;

0.44948605999022;

0.4573715353305088;

0.4513981838737406;

0.4288000000000013;

0.3872274564333569;

0.3250833423597566;

0.2419390216880118;

0.1390405911052287;

0.06710882332180576;

0.1823147469324297;

0.2791123886080001;

0.3547763476479995;

0.4087195964080115;

0.4419016007630846;

0.4563356548661235;

0.4546854881279997;

0.4399416647679997;

0.4151687587053571;

0.3833147489845242;

0.3470745433489413;

0.3088;

0.27044928;

0.2335688251998209;

0.1993017189941244;

0.1684166496288769;

0.1413521582079997;

0.1182713159679999;

0.09912243781140469;

0.08370190151188483;

0.07171560442593287;

0.06283605196800002;

0.05675253452799993;

0.05321231193210882;

0.05205118696980473;

0.05321231193210882;

0.05675253452799993;

0.06283605196800002;

0.07171560442593287;

0.08370190151188483;

0.09912243781140469;

0.1182713159679999;

0.1413521582079997;

0.1684166496288769;

0.1993017189941244;

0.2335688251998209;

0.27044928;

0.3088;

0.3470745433489413;

0.3833147489845242;

0.4151687587053571;

0.4399416647679997;

0.4546854881279997;

0.4563356548661235;

0.4419016007630846;

0.4087195964080115;

0.3547763476479995;

0.2791123886080001;

0.1823147469324297;

0.1083428227268609;

0.2191607726079998;

0.3098449848844272;

0.3783633746526204;

0.4246958663679997;

0.4502551483383812;

0.45740608;

0.4490738099027961;

0.428431124753613;

0.3986560122879997;

0.3627508831633403;

0.3234153594880001;

0.2829650000232445;

0.2432887945166854;

0.2058387220479997;

0.1716451306897406;

0.1413521582079997;

0.1152678759497732;

0.09342430048583673;

0.07564288;

0.06160152483758077;

0.05089971404799994;

0.04311867217838077;

0.03787407299706882;

0.03485918924799996;

0.03387686995886086;

0.03485918924799996;

0.03787407299706882;

0.04311867217838077;

0.05089971404799994;

0.06160152483758077;

0.07564288;

0.09342430048583673;

0.1152678759497732;

0.1413521582079997;

0.1716451306897406;

0.2058387220479997;

0.2432887945166854;

0.2829650000232445;

0.3234153594880001;

0.3627508831633403;

0.3986560122879997;

0.428431124753613;

0.4490738099027961;

0.45740608;

0.4502551483383812;

0.4246958663679997;

0.3783633746526204;

0.3098449848844272;

0.2191607726079998;

0.1436895833817084;

0.25;

0.3348292008214535;

0.3967382211739649;

0.4361894010879996;

0.4549782874636289;

0.4557636935680001;

0.4416859737899011;

0.4160640340000774;

0.3821620602880005;

0.343017411267789;

0.3013215815679992;

0.2593466065420282;

0.2189097406578688;

0.1813697044479998;

0.147648257322189;

0.1182713159679999;

0.09342430048583673;

0.07301685282734078;

0.05675253452799993;

0.04419957314682875;

0.03485918924799996;

0.02822849818132481;

0.02385544334049277;

0.02138368;

0.02058579125370886;

0.02138368;

0.02385544334049277;

0.02822849818132481;

0.03485918924799996;

0.04419957314682875;

0.05675253452799993;

0.07301685282734078;

0.09342430048583673;

0.1182713159679999;

0.147648257322189;

0.1813697044479998;

0.2189097406578688;

0.2593466065420282;

0.3013215815679992;

0.343017411267789;

0.3821620602880005;

0.4160640340000774;

0.4416859737899011;

0.4557636935680001;

0.4549782874636289;

0.4361894010879996;

0.3967382211739649;

0.3348292008214535;

0.25;

0.1733770533879818;

0.2753356194643966;

0.3547763476479995;

0.4107601838080005;

0.4441540356292602;

0.4570723360964611;

0.4524163349168121;

0.4335011758079998;

0.40376128;

0.3665250187214846;

0.3248501198635004;

0.2814117164351486;

0.2384354068480002;

0.1976681594880004;

0.1603803564556289;

0.127392733777101;

0.09912243781140469;

0.07564288;

0.05675253452799993;

0.04204828588769285;

0.0309993957572608;

0.02301862102958076;

0.01752747724799999;

0.014013104128;

0.01207465226567679;

0.01145757255598082;

0.01207465226567679;

0.014013104128;

0.01752747724799999;

0.02301862102958076;

0.0309993957572608;

0.04204828588769285;

0.05675253452799993;

0.07564288;

0.09912243781140469;

0.127392733777101;

0.1603803564556289;

0.1976681594880004;

0.2384354068480002;

0.2814117164351486;

0.3248501198635004;

0.3665250187214846;

0.40376128;

0.4335011758079998;

0.4524163349168121;

0.4570723360964611;

0.4441540356292602;

0.4107601838080005;

0.3547763476479995;

0.2753356194643966;

0.19771648;

0.2956928746405886;

0.3703684954390514;

0.4212170435411969;

0.4494379431559179;

0.45740608;

0.4482189043498997;

0.4253309566271487;

0.3922663358660609;

0.3524000938344454;

0.3088;

0.2641205849571335;

0.2205418323509244;

0.1797453517570046;

0.1429213273980926;

0.1108;

0.08370190151188483;

0.06160152483758077;

0.04419957314682875;

0.0309993957572608;

0.02138368;

0.0146879309037568;

0.01026773295431681;

0.007557250608332781;

0.006116886662348791;

0.00566848;

0.006116886662348791;

0.007557250608332781;

0.01026773295431681;

0.0146879309037568;

0.02138368;

0.0309993957572608;

0.04419957314682875;

0.06160152483758077;

0.08370190151188483;

0.1108;

0.1429213273980926;

0.1797453517570046;

0.2205418323509244;

0.2641205849571335;

0.3088;

0.3524000938344454;

0.3922663358660609;

0.4253309566271487;

0.4482189043498997;

0.45740608;

0.4494379431559179;

0.4212170435411969;

0.3703684954390514;

0.2956928746405886;

0.2170470717472762;

0.3115742446747648;

0.3822237460479993;

0.4288000000000013;

0.4527678011097092;

0.4567087414509561;

0.4438747049771004;

0.4178284871679996;

0.3821620602880005;

0.3402834670256132;

0.2952637877075962;

0.2497360887021566;

0.2058387220479997;

0.165195808768;

0.1289282007482368;

0.09768867848519673;

0.07171560442593287;

0.05089971404799994;

0.03485918924799996;

0.02301862102958076;

0.0146879309037568;

0.009137782836428812;

0.00566848;

0.003669803008;

0.002669708733644801;

0.002370271235276797;

0.002669708733644801;

0.003669803008;

0.00566848;

0.009137782836428812;

0.0146879309037568;

0.02301862102958076;

0.03485918924799996;

0.05089971404799994;

0.07171560442593287;

0.09768867848519673;

0.1289282007482368;

0.165195808768;

0.2058387220479997;

0.2497360887021566;

0.2952637877075962;

0.3402834670256132;

0.3821620602880005;

0.4178284871679996;

0.4438747049771004;

0.4567087414509561;

0.4527678011097092;

0.4288000000000013;

0.3822237460479993;

0.3115742446747648;

0.2316942607187976;

0.3234266081279995;

0.390871935306957;

0.4340875486117886;

0.45474048;

0.4555691163271173;

0.4399416647679997;

0.4115015122894854;

0.3738899995230203;

0.330537591807999;

0.284514892598477;

0.2384354068480002;

0.194402424409293;

0.153992855907533;

0.1182713159679999;

0.08782821110087681;

0.06283605196800002;

0.04311867217838077;

0.02822849818132481;

0.01752747724799999;

0.01026773295431681;

0.00566848;

0.002986192620748803;

0.001575483272396801;

9.38610688E-4;

7.619988307967977E-4;

9.38610688E-4;

0.001575483272396801;

0.002986192620748803;

0.00566848;

0.01026773295431681;

0.01752747724799999;

0.02822849818132481;

0.04311867217838077;

0.06283605196800002;

0.08782821110087681;

0.1182713159679999;

0.153992855907533;

0.194402424409293;

0.2384354068480002;

0.284514892598477;

0.330537591807999;

0.3738899995230203;

0.4115015122894854;

0.4399416647679997;

0.4555691163271173;

0.45474048;

0.4340875486117886;

0.390871935306957;

0.3234266081279995;

0.2419390216880118;

0.3316178452479988;

0.3967382211739649;

0.4375357573562373;

0.4558197114879992;

0.4544383362531329;

0.4368408954880007;

0.4067264092438519;

0.3677696480985087;

0.3234153594880001;

0.2767321712508925;

0.23031808;

0.1862498943582207;

0.1460694655172609;

0.1108;

0.08098621192929288;

0.05675253452799993;

0.03787407299706882;

0.02385544334049277;

0.014013104128;

0.007557250608332781;

0.003669803008;

0.001575483272396801;

6.034369282048001E-4;

2.37319168E-4;

1.522266800128001E-4;

2.37319168E-4;

6.034369282048001E-4;

0.001575483272396801;

0.003669803008;

0.007557250608332781;

0.014013104128;

0.02385544334049277;

0.03787407299706882;

0.05675253452799993;

0.08098621192929288;

0.1108;

0.1460694655172609;

0.1862498943582207;

0.23031808;

0.2767321712508925;

0.3234153594880001;

0.3677696480985087;

0.4067264092438519;

0.4368408954880007;

0.4544383362531329;

0.4558197114879992;

0.4375357573562373;

0.3967382211739649;

0.3316178452479988;

0.2479961671794686;

0.3364207977054212;

0.4001324769280007;

0.4394728622080003;

0.4563356548661235;

0.4536341749055481;

0.434865507617996;

0.40376128;

0.3640155873280001;

0.3190810526629878;

0.2720244644773884;

0.2254339000188926;

0.1813697044479998;

0.1413521582079997;

0.1063791275081726;

0.07696745522298871;

0.05321231193210882;

0.03485918924799996;

0.02138368;

0.01207465226567679;

0.006116886662348791;

0.002669708733644801;

9.38610688E-4;

2.37319168E-4;

3.822815150080006E-5;

9.578507468800006E-6;

3.822815150080006E-5;

2.37319168E-4;

9.38610688E-4;

0.002669708733644801;

0.006116886662348791;

0.01207465226567679;

0.02138368;

0.03485918924799996;

0.05321231193210882;

0.07696745522298871;

0.1063791275081726;

0.1413521582079997;

0.1813697044479998;

0.2254339000188926;

0.2720244644773884;

0.3190810526629878;

0.3640155873280001;

0.40376128;

0.434865507617996;

0.4536341749055481;

0.4563356548661235;

0.4394728622080003;

0.4001324769280007;

0.3364207977054212;

0.25;

0.3380029673177096;

0.4012428709347336;

0.4400965627936757;

0.4564857434554363;

0.45334528;

0.4341880627806194;

0.4027564589580291;

0.3627508831633403;

0.3176264680603639;

0.27044928;

0.2238039873814524;

0.1797453517570046;

0.1397863741390849;

0.1049163913904131;

0.07564288;

0.05205118696980473;

0.03387686995886086;

0.02058579125370886;

0.01145757255598082;

0.00566848;

0.002370271235276797;

7.619988307967977E-4;

1.522266800128001E-4;

9.578507468800006E-6;

0.0;

9.578507468800006E-6;

1.522266800128001E-4;

7.619988307967977E-4;

0.002370271235276797;

0.00566848;

0.01145757255598082;

0.02058579125370886;

0.03387686995886086;

0.05205118696980473;

0.07564288;

0.1049163913904131;

0.1397863741390849;

0.1797453517570046;

0.2238039873814524;

0.27044928;

0.3176264680603639;

0.3627508831633403;

0.4027564589580291;

0.4341880627806194;

0.45334528;

0.4564857434554363;

0.4400965627936757;

0.4012428709347336;

0.3380029673177096;

0.2479961671794686;

0.3364207977054212;

0.4001324769280007;

0.4394728622080003;

0.4563356548661235;

0.4536341749055481;

0.434865507617996;

0.40376128;

0.3640155873280001;

0.3190810526629878;

0.2720244644773884;

0.2254339000188926;

0.1813697044479998;

0.1413521582079997;

0.1063791275081726;

0.07696745522298871;

0.05321231193210882;

0.03485918924799996;

0.02138368;

0.01207465226567679;

0.006116886662348791;

0.002669708733644801;

9.38610688E-4;

2.37319168E-4;

3.822815150080006E-5;

9.578507468800006E-6;

3.822815150080006E-5;

2.37319168E-4;

9.38610688E-4;

0.002669708733644801;

0.006116886662348791;

0.01207465226567679;

0.02138368;

0.03485918924799996;

0.05321231193210882;

0.07696745522298871;

0.1063791275081726;

0.1413521582079997;

0.1813697044479998;

0.2254339000188926;

0.2720244644773884;

0.3190810526629878;

0.3640155873280001;

0.40376128;

0.434865507617996;

0.4536341749055481;

0.4563356548661235;

0.4394728622080003;

0.4001324769280007;

0.3364207977054212;

0.2419390216880118;

0.3316178452479988;

0.3967382211739649;

0.4375357573562373;

0.4558197114879992;

0.4544383362531329;

0.4368408954880007;

0.4067264092438519;

0.3677696480985087;

0.3234153594880001;

0.2767321712508925;

0.23031808;

0.1862498943582207;

0.1460694655172609;

0.1108;

0.08098621192929288;

0.05675253452799993;

0.03787407299706882;

0.02385544334049277;

0.014013104128;

0.007557250608332781;

0.003669803008;

0.001575483272396801;

6.034369282048001E-4;

2.37319168E-4;

1.522266800128001E-4;

2.37319168E-4;

6.034369282048001E-4;

0.001575483272396801;

0.003669803008;

0.007557250608332781;

0.014013104128;

0.02385544334049277;

0.03787407299706882;

0.05675253452799993;

0.08098621192929288;

0.1108;

0.1460694655172609;

0.1862498943582207;

0.23031808;

0.2767321712508925;

0.3234153594880001;

0.3677696480985087;

0.4067264092438519;

0.4368408954880007;

0.4544383362531329;

0.4558197114879992;

0.4375357573562373;

0.3967382211739649;

0.3316178452479988;

0.2316942607187976;

0.3234266081279995;

0.390871935306957;

0.4340875486117886;

0.45474048;

0.4555691163271173;

0.4399416647679997;

0.4115015122894854;

0.3738899995230203;

0.330537591807999;

0.284514892598477;

0.2384354068480002;

0.194402424409293;

0.153992855907533;

0.1182713159679999;

0.08782821110087681;

0.06283605196800002;

0.04311867217838077;

0.02822849818132481;

0.01752747724799999;

0.01026773295431681;

0.00566848;

0.002986192620748803;

0.001575483272396801;

9.38610688E-4;

7.619988307967977E-4;

9.38610688E-4;

0.001575483272396801;

0.002986192620748803;

0.00566848;

0.01026773295431681;

0.01752747724799999;

0.02822849818132481;

0.04311867217838077;

0.06283605196800002;

0.08782821110087681;

0.1182713159679999;

0.153992855907533;

0.194402424409293;

0.2384354068480002;

0.284514892598477;

0.330537591807999;

0.3738899995230203;

0.4115015122894854;

0.4399416647679997;

0.4555691163271173;

0.45474048;

0.4340875486117886;

0.390871935306957;

0.3234266081279995;

0.2170470717472762;

0.3115742446747648;

0.3822237460479993;

0.4288000000000013;

0.4527678011097092;

0.4567087414509561;

0.4438747049771004;

0.4178284871679996;

0.3821620602880005;

0.3402834670256132;

0.2952637877075962;

0.2497360887021566;

0.2058387220479997;

0.165195808768;

0.1289282007482368;

0.09768867848519673;

0.07171560442593287;

0.05089971404799994;

0.03485918924799996;

0.02301862102958076;

0.0146879309037568;

0.009137782836428812;

0.00566848;

0.003669803008;

0.002669708733644801;

0.002370271235276797;

0.002669708733644801;

0.003669803008;

0.00566848;

0.009137782836428812;

0.0146879309037568;

0.02301862102958076;

0.03485918924799996;

0.05089971404799994;

0.07171560442593287;

0.09768867848519673;

0.1289282007482368;

0.165195808768;

0.2058387220479997;

0.2497360887021566;

0.2952637877075962;

0.3402834670256132;

0.3821620602880005;

0.4178284871679996;

0.4438747049771004;

0.4567087414509561;

0.4527678011097092;

0.4288000000000013;

0.3822237460479993;

0.3115742446747648;

0.19771648;

0.2956928746405886;

0.3703684954390514;

0.4212170435411969;

0.4494379431559179;

0.45740608;

0.4482189043498997;

0.4253309566271487;

0.3922663358660609;

0.3524000938344454;

0.3088;

0.2641205849571335;

0.2205418323509244;

0.1797453517570046;

0.1429213273980926;

0.1108;

0.08370190151188483;

0.06160152483758077;

0.04419957314682875;

0.0309993957572608;

0.02138368;

0.0146879309037568;

0.01026773295431681;

0.007557250608332781;

0.006116886662348791;

0.00566848;

0.006116886662348791;

0.007557250608332781;

0.01026773295431681;

0.0146879309037568;

0.02138368;

0.0309993957572608;

0.04419957314682875;

0.06160152483758077;

0.08370190151188483;

0.1108;

0.1429213273980926;

0.1797453517570046;

0.2205418323509244;

0.2641205849571335;

0.3088;

0.3524000938344454;

0.3922663358660609;

0.4253309566271487;

0.4482189043498997;

0.45740608;

0.4494379431559179;

0.4212170435411969;

0.3703684954390514;

0.2956928746405886;

0.1733770533879818;

0.2753356194643966;

0.3547763476479995;

0.4107601838080005;

0.4441540356292602;

0.4570723360964611;

0.4524163349168121;

0.4335011758079998;

0.40376128;

0.3665250187214846;

0.3248501198635004;

0.2814117164351486;

0.2384354068480002;

0.1976681594880004;

0.1603803564556289;

0.127392733777101;

0.09912243781140469;

0.07564288;

0.05675253452799993;

0.04204828588769285;

0.0309993957572608;

0.02301862102958076;

0.01752747724799999;

0.014013104128;

0.01207465226567679;

0.01145757255598082;

0.01207465226567679;

0.014013104128;

0.01752747724799999;

0.02301862102958076;

0.0309993957572608;

0.04204828588769285;

0.05675253452799993;

0.07564288;

0.09912243781140469;

0.127392733777101;

0.1603803564556289;

0.1976681594880004;

0.2384354068480002;

0.2814117164351486;

0.3248501198635004;

0.3665250187214846;

0.40376128;

0.4335011758079998;

0.4524163349168121;

0.4570723360964611;

0.4441540356292602;

0.4107601838080005;

0.3547763476479995;

0.2753356194643966;

0.1436895833817084;

0.25;

0.3348292008214535;

0.3967382211739649;

0.4361894010879996;

0.4549782874636289;

0.4557636935680001;

0.4416859737899011;

0.4160640340000774;

0.3821620602880005;

0.343017411267789;

0.3013215815679992;

0.2593466065420282;

0.2189097406578688;

0.1813697044479998;

0.147648257322189;

0.1182713159679999;

0.09342430048583673;

0.07301685282734078;

0.05675253452799993;

0.04419957314682875;

0.03485918924799996;

0.02822849818132481;

0.02385544334049277;

0.02138368;

0.02058579125370886;

0.02138368;

0.02385544334049277;

0.02822849818132481;

0.03485918924799996;

0.04419957314682875;

0.05675253452799993;

0.07301685282734078;

0.09342430048583673;

0.1182713159679999;

0.147648257322189;

0.1813697044479998;

0.2189097406578688;

0.2593466065420282;

0.3013215815679992;

0.343017411267789;

0.3821620602880005;

0.4160640340000774;

0.4416859737899011;

0.4557636935680001;

0.4549782874636289;

0.4361894010879996;

0.3967382211739649;

0.3348292008214535;

0.25;

0.1083428227268609;

0.2191607726079998;

0.3098449848844272;

0.3783633746526204;

0.4246958663679997;

0.4502551483383812;

0.45740608;

0.4490738099027961;

0.428431124753613;

0.3986560122879997;

0.3627508831633403;

0.3234153594880001;

0.2829650000232445;

0.2432887945166854;

0.2058387220479997;

0.1716451306897406;

0.1413521582079997;

0.1152678759497732;

0.09342430048583673;

0.07564288;

0.06160152483758077;

0.05089971404799994;

0.04311867217838077;

0.03787407299706882;

0.03485918924799996;

0.03387686995886086;

0.03485918924799996;

0.03787407299706882;

0.04311867217838077;

0.05089971404799994;

0.06160152483758077;

0.07564288;

0.09342430048583673;

0.1152678759497732;

0.1413521582079997;

0.1716451306897406;

0.2058387220479997;

0.2432887945166854;

0.2829650000232445;

0.3234153594880001;

0.3627508831633403;

0.3986560122879997;

0.428431124753613;

0.4490738099027961;

0.45740608;

0.4502551483383812;

0.4246958663679997;

0.3783633746526204;

0.3098449848844272;

0.2191607726079998;

0.06710882332180576;

0.1823147469324297;

0.2791123886080001;

0.3547763476479995;

0.4087195964080115;

0.4419016007630846;

0.4563356548661235;

0.4546854881279997;

0.4399416647679997;

0.4151687587053571;

0.3833147489845242;

0.3470745433489413;

0.3088;

0.27044928;

0.2335688251998209;

0.1993017189941244;

0.1684166496288769;

0.1413521582079997;

0.1182713159679999;

0.09912243781140469;

0.08370190151188483;

0.07171560442593287;

0.06283605196800002;

0.05675253452799993;

0.05321231193210882;

0.05205118696980473;

0.05321231193210882;

0.05675253452799993;

0.06283605196800002;

0.07171560442593287;

0.08370190151188483;

0.09912243781140469;

0.1182713159679999;

0.1413521582079997;

0.1684166496288769;

0.1993017189941244;

0.2335688251998209;

0.27044928;

0.3088;

0.3470745433489413;

0.3833147489845242;

0.4151687587053571;

0.4399416647679997;

0.4546854881279997;

0.4563356548661235;

0.4419016007630846;

0.4087195964080115;

0.3547763476479995;

0.2791123886080001;

0.1823147469324297;

0.01991488000000009;

0.1390405911052287;

0.2419390216880118;

0.3250833423597566;

0.3872274564333569;

0.4288000000000013;

0.4513981838737406;

0.4573715353305088;

0.44948605999022;

0.4306598066126838;

0.40376128;

0.3714626096201727;

0.3361398439886842;

0.2998132032667647;

0.2641205849571335;

0.23031808;

0.1993017189941244;

0.1716451306897406;

0.147648257322189;

0.127392733777101;

0.1108;

0.09768867848519673;

0.08782821110087681;

0.08098621192929288;

0.07696745522298871;

0.07564288;

0.07696745522298871;

0.08098621192929288;

0.08782821110087681;

0.09768867848519673;

0.1108;

0.127392733777101;

0.147648257322189;

0.1716451306897406;

0.1993017189941244;

0.23031808;

0.2641205849571335;

0.2998132032667647;

0.3361398439886842;

0.3714626096201727;

0.40376128;

0.4306598066126838;

0.44948605999022;

0.4573715353305088;

0.4513981838737406;

0.4288000000000013;

0.3872274564333569;

0.3250833423597566;

0.2419390216880118;

0.1390405911052287;

-0.03306445161758795;

0.08907709254369402;

0.19771648;

0.2884084910079993;

0.3591473706631171;

0.4097452222332929;

0.4413109359935495;

0.4558197114879992;

0.4557636935680001;

0.4438747049771004;

0.4229105206755324;

0.3954965915189241;

0.3640155873280001;

0.330537591807999;

0.2967842441986054;

0.2641205849571335;

0.2335688251998209;

0.2058387220479997;

0.1813697044479998;

0.1603803564556289;

0.1429213273980926;

0.1289282007482368;

0.1182713159679999;

0.1108;

0.1063791275081726;

0.1049163913904131;

0.1063791275081726;

0.1108;

0.1182713159679999;

0.1289282007482368;

0.1429213273980926;

0.1603803564556289;

0.1813697044479998;

0.2058387220479997;

0.2335688251998209;

0.2641205849571335;

0.2967842441986054;

0.330537591807999;

0.3640155873280001;

0.3954965915189241;

0.4229105206755324;

0.4438747049771004;

0.4557636935680001;

0.4558197114879992;

0.4413109359935495;

0.4097452222332929;

0.3591473706631171;

0.2884084910079993;

0.19771648;

0.08907709254369402;

-0.09129133261291532;

0.03242380492799995;

0.146006244617421;

0.2439656344649733;

0.3234266081279995;

0.3834900851458048;

0.4246958663679997;

0.4485765825036276;

0.4572935161397238;

0.45334528;

0.4393407966363652;

0.4178284871679996;

0.3911740391047177;

0.3614795857133574;

0.330537591807999;

0.2998132032667647;

0.27044928;

0.2432887945166854;

0.2189097406578688;

0.1976681594880004;

0.1797453517570046;

0.165195808768;

0.153992855907533;

0.1460694655172609;

0.1413521582079997;

0.1397863741390849;

0.1413521582079997;

0.1460694655172609;

0.153992855907533;

0.165195808768;

0.1797453517570046;

0.1976681594880004;

0.2189097406578688;

0.2432887945166854;

0.27044928;

0.2998132032667647;

0.330537591807999;

0.3614795857133574;

0.3911740391047177;

0.4178284871679996;

0.4393407966363652;

0.45334528;

0.4572935161397238;

0.4485765825036276;

0.4246958663679997;

0.3834900851458048;

0.3234266081279995;

0.2439656344649733;

0.146006244617421;

0.03242380492799995;

-0.1537202205949965;

-0.0305315256319997;

0.08665080760238014;

0.1911538413027334;

0.2791123886080001;

0.3488117343797242;

0.4001324769280007;

0.4340875486117886;

0.4524419356622855;

0.45740608;

0.4513944082382838;

0.4368408954880007;

0.4160640340000774;

0.3911740391047177;

0.3640155873280001;

0.3361398439886842;

0.3088;

0.2829650000232445;

0.2593466065420282;

0.2384354068480002;

0.2205418323509244;

0.2058387220479997;

0.194402424409293;

0.1862498943582207;

0.1813697044479998;

0.1797453517570046;

0.1813697044479998;

0.1862498943582207;

0.194402424409293;

0.2058387220479997;

0.2205418323509244;

0.2384354068480002;

0.2593466065420282;

0.2829650000232445;

0.3088;

0.3361398439886842;

0.3640155873280001;

0.3911740391047177;

0.4160640340000774;

0.4368408954880007;

0.4513944082382838;

0.45740608;

0.4524419356622855;

0.4340875486117886;

0.4001324769280007;

0.3488117343797242;

0.2791123886080001;

0.1911538413027334;

0.08665080760238014;

-0.0305315256319997;

-0.218620196426547;

-0.09885389980958765;

0.01991488000000009;

0.1296815226880004;

0.2254596641210362;

0.3046038513123331;

0.3662352101490688;

0.4107601838080005;

0.4394728622080003;

0.4542318852702216;

0.4572033651785736;

0.450661735255245;

0.4368408954880007;

0.4178284871679996;

0.3954965915189241;

0.3714626096201727;

0.3470745433489413;

0.3234153594880001;

0.3013215815679992;

0.2814117164351486;

0.2641205849571335;

0.2497360887021566;

0.2384354068480002;

0.23031808;

0.2254339000188926;

0.2238039873814524;

0.2254339000188926;

0.23031808;

0.2384354068480002;

0.2497360887021566;

0.2641205849571335;

0.2814117164351486;

0.3013215815679992;

0.3234153594880001;

0.3470745433489413;

0.3714626096201727;

0.3954965915189241;

0.4178284871679996;

0.4368408954880007;

0.450661735255245;

0.4572033651785736;

0.4542318852702216;

0.4394728622080003;

0.4107601838080005;

0.3662352101490688;

0.3046038513123331;

0.2254596641210362;

0.1296815226880004;

0.01991488000000009;

-0.09885389980958765;

-0.28335872;

-0.1708650518003707;

-0.05333800011038625;

0.05972446097735648;

0.1620713938157566;

0.25;

0.3217606938001405;

0.3770562041561088;

0.4166252255838215;

0.4419016007630846;

0.45474048;

0.4572033651785736;

0.4513944082382838;

0.4393407966363652;

0.4229105206755324;

0.40376128;

0.3833147489845242;

0.3627508831633403;

0.343017411267789;

0.3248501198635004;

0.3088;

0.2952637877075962;

0.284514892598477;

0.2767321712508925;

0.2720244644773884;

0.27044928;

0.2720244644773884;

0.2767321712508925;

0.284514892598477;

0.2952637877075962;

0.3088;

0.3248501198635004;

0.343017411267789;

0.3627508831633403;

0.3833147489845242;

0.40376128;

0.4229105206755324;

0.4393407966363652;

0.4513944082382838;

0.4572033651785736;

0.45474048;

0.4419016007630846;

0.4166252255838215;

0.3770562041561088;

0.3217606938001405;

0.25;

0.1620713938157566;

0.05972446097735648;

-0.05333800011038625;

-0.1708650518003707;

-0.3441410347876344;

-0.2439047033126906;

-0.1314276792319981;

-0.01787646771200005;

0.08907709254369402;

0.1845338935656445;

0.2657506169602037;

0.3316178452479988;

0.3822237460479993;

0.4184943118778362;

0.4419016007630846;

0.4542318852702216;

0.45740608;

0.45334528;

0.4438747049771004;

0.4306598066126838;

0.4151687587053571;

0.3986560122879997;

0.3821620602880005;

0.3665250187214846;

0.3524000938344454;

0.3402834670256132;

0.330537591807999;

0.3234153594880001;

0.3190810526629878;

0.3176264680603639;

0.3190810526629878;

0.3234153594880001;

0.330537591807999;

0.3402834670256132;

0.3524000938344454;

0.3665250187214846;

0.3821620602880005;

0.3986560122879997;

0.4151687587053571;

0.4306598066126838;

0.4438747049771004;

0.45334528;

0.45740608;

0.4542318852702216;

0.4419016007630846;

0.4184943118778362;

0.3822237460479993;

0.3316178452479988;

0.2657506169602037;

0.1845338935656445;

0.08907709254369402;

-0.01787646771200005;

-0.1314276792319981;

-0.2439047033126906;

-0.3956989784686582;

-0.3140428421120009;

-0.2115921770381318;

-0.101371634258739;

0.007355895807999203;

0.1083428227268609;

0.19771648;

0.273434891513037;

0.3348292008214535;

0.3822237460479993;

0.4166252255838215;

0.4394728622080003;

0.4524419356622855;

0.4572935161397238;

0.4557636935680001;

0.44948605999022;

0.4399416647679997;

0.428431124753613;

0.4160640340000774;

0.40376128;

0.3922663358660609;

0.3821620602880005;

0.3738899995230203;

0.3677696480985087;

0.3640155873280001;

0.3627508831633403;

0.3640155873280001;

0.3677696480985087;

0.3738899995230203;

0.3821620602880005;

0.3922663358660609;

0.40376128;

0.4160640340000774;

0.428431124753613;

0.4399416647679997;

0.44948605999022;

0.4557636935680001;

0.4572935161397238;

0.4524419356622855;

0.4394728622080003;

0.4166252255838215;

0.3822237460479993;

0.3348292008214535;

0.273434891513037;

0.19771648;

0.1083428227268609;

0.007355895807999203;

-0.101371634258739;

-0.2115921770381318;

-0.3140428421120009;

-0.4309224945139718;

-0.37573632;

-0.2896683468111864;

-0.1878063555018752;

-0.08118915379199945;

0.02242095158394922;

0.1178729236480004;

0.2020590624964608;

0.273434891513037;

0.3316178452479988;

0.3770562041561088;

0.4107601838080005;

0.4340875486117886;

0.4485765825036276;

0.4558197114879992;

0.4573715353305088;

0.4546854881279997;

0.4490738099027961;

0.4416859737899011;

0.4335011758079998;

0.4253309566271487;

0.4178284871679996;

0.4115015122894854;

0.4067264092438519;

0.40376128;

0.4027564589580291;

0.40376128;

0.4067264092438519;

0.4115015122894854;

0.4178284871679996;

0.4253309566271487;

0.4335011758079998;

0.4416859737899011;

0.4490738099027961;

0.4546854881279997;

0.4573715353305088;

0.4558197114879992;

0.4485765825036276;

0.4340875486117886;

0.4107601838080005;

0.3770562041561088;

0.3316178452479988;

0.273434891513037;

0.2020590624964608;

0.1178729236480004;

0.02242095158394922;

-0.08118915379199945;

-0.1878063555018752;

-0.2896683468111864;

-0.37573632;

-0.4404266771873788;

-0.421422602687283;

-0.3597112401920003;

-0.272664783872;

-0.1732984310792176;

-0.07107035179089764;

0.02742680468193233;

0.1178729236480004;

0.19771648;

0.2657506169602037;

0.3217606938001405;

0.3662352101490688;

0.4001324769280007;

0.4246958663679997;

0.4413109359935495;

0.4513981838737406;

0.4563356548661235;

0.45740608;

0.4557636935680001;

0.4524163349168121;

0.4482189043498997;

0.4438747049771004;

0.4399416647679997;

0.4368408954880007;

0.434865507617996;

0.4341880627806194;

0.434865507617996;

0.4368408954880007;

0.4399416647679997;

0.4438747049771004;

0.4482189043498997;

0.4524163349168121;

0.4557636935680001;

0.45740608;

0.4563356548661235;

0.4513981838737406;

0.4413109359935495;

0.4246958663679997;

0.4001324769280007;

0.3662352101490688;

0.3217606938001405;

0.2657506169602037;

0.19771648;

0.1178729236480004;

0.02742680468193233;

-0.07107035179089764;

-0.1732984310792176;

-0.272664783872;

-0.3597112401920003;

-0.421422602687283;

-0.4120467199999981;

-0.4410430415962107;

-0.4135445462761455;

-0.3494463577260038;

-0.2639570338168832;

-0.1684275200000018;

-0.07107035179089764;

0.02242095158394922;

0.1083428227268609;

0.1845338935656445;

0.25;

0.3046038513123331;

0.3488117343797242;

0.3834900851458048;

0.4097452222332929;

0.4288000000000013;

0.4419016007630846;

0.4502551483383812;

0.4549782874636289;

0.4570723360964611;

0.45740608;

0.4567087414509561;

0.4555691163271173;

0.4544383362531329;

0.4536341749055481;

0.45334528;

0.4536341749055481;

0.4544383362531329;

0.4555691163271173;

0.4567087414509561;

0.45740608;

0.4570723360964611;

0.4549782874636289;

0.4502551483383812;

0.4419016007630846;

0.4288000000000013;

0.4097452222332929;

0.3834900851458048;

0.3488117343797242;

0.3046038513123331;

0.25;

0.1845338935656445;

0.1083428227268609;

0.02242095158394922;

-0.07107035179089764;

-0.1684275200000018;

-0.2639570338168832;

-0.3494463577260038;

-0.4135445462761455;

-0.4410430415962107;

-0.3302526752325631;

-0.4214875752087541;

-0.4402340126720008;

-0.40916672;

-0.3459219768410126;

-0.2639570338168832;

-0.1732984310792176;

-0.08118915379199945;

0.007355895807999203;

0.08907709254369402;

0.1620713938157566;

0.2254596641210362;

0.2791123886080001;

0.3234266081279995;

0.3591473706631171;

0.3872274564333569;

0.4087195964080115;

0.4246958663679997;

0.4361894010879996;

0.4441540356292602;

0.4494379431559179;

0.4527678011097092;

0.45474048;

0.4558197114879992;

0.4563356548661235;

0.4564857434554363;

0.4563356548661235;

0.4558197114879992;

0.45474048;

0.4527678011097092;

0.4494379431559179;

0.4441540356292602;

0.4361894010879996;

0.4246958663679997;

0.4087195964080115;

0.3872274564333569;

0.3591473706631171;

0.3234266081279995;

0.2791123886080001;

0.2254596641210362;

0.1620713938157566;

0.08907709254369402;

0.007355895807999203;

-0.08118915379199945;

-0.1732984310792176;

-0.2639570338168832;

-0.3459219768410126;

-0.40916672;

-0.4402340126720008;

-0.4214875752087541;

-0.1754754697183231;

-0.3459523051519999;

-0.4254752937132054;

-0.4397745503731715;

-0.40916672;

-0.3494463577260038;

-0.272664783872;

-0.1878063555018752;

-0.101371634258739;

-0.01787646771200005;

0.05972446097735648;

0.1296815226880004;

0.1911538413027334;

0.2439656344649733;

0.2884084910079993;

0.3250833423597566;

0.3547763476479995;

0.3783633746526204;

0.3967382211739649;

0.4107601838080005;

0.4212170435411969;

0.4288000000000013;

0.4340875486117886;

0.4375357573562373;

0.4394728622080003;

0.4400965627936757;

0.4394728622080003;

0.4375357573562373;

0.4340875486117886;

0.4288000000000013;

0.4212170435411969;

0.4107601838080005;

0.3967382211739649;

0.3783633746526204;

0.3547763476479995;

0.3250833423597566;

0.2884084910079993;

0.2439656344649733;

0.1911538413027334;

0.1296815226880004;

0.05972446097735648;

-0.01787646771200005;

-0.101371634258739;

-0.1878063555018752;

-0.272664783872;

-0.3494463577260038;

-0.40916672;

-0.4397745503731715;

-0.4254752937132054;

-0.3459523051519999;

0.07666484034273158;

-0.1932009297919987;

-0.3508872085962748;

-0.4254752937132054;

-0.4402340126720008;

-0.4135445462761455;

-0.3597112401920003;

-0.2896683468111864;

-0.2115921770381318;

-0.1314276792319981;

-0.05333800011038625;

0.01991488000000009;

0.08665080760238014;

0.146006244617421;

0.19771648;

0.2419390216880118;

0.2791123886080001;

0.3098449848844272;

0.3348292008214535;

0.3547763476479995;

0.3703684954390514;

0.3822237460479993;

0.390871935306957;

0.3967382211739649;

0.4001324769280007;

0.4012428709347336;

0.4001324769280007;

0.3967382211739649;

0.390871935306957;

0.3822237460479993;

0.3703684954390514;

0.3547763476479995;

0.3348292008214535;

0.3098449848844272;

0.2791123886080001;

0.2419390216880118;

0.19771648;

0.146006244617421;

0.08665080760238014;

0.01991488000000009;

-0.05333800011038625;

-0.1314276792319981;

-0.2115921770381318;

-0.2896683468111864;

-0.3597112401920003;

-0.4135445462761455;

-0.4402340126720008;

-0.4254752937132054;

-0.3508872085962748;

-0.1932009297919987;

0.4562380551897088;

0.06327944431535025;

-0.1932009297919987;

-0.3459523051519999;

-0.4214875752087541;

-0.4410430415962107;

-0.421422602687283;

-0.37573632;

-0.3140428421120009;

-0.2439047033126906;

-0.1708650518003707;

-0.09885389980958765;

-0.0305315256319997;

0.03242380492799995;

0.08907709254369402;

0.1390405911052287;

0.1823147469324297;

0.2191607726079998;

0.25;

0.2753356194643966;

0.2956928746405886;

0.3115742446747648;

0.3234266081279995;

0.3316178452479988;

0.3364207977054212;

0.3380029673177096;

0.3364207977054212;

0.3316178452479988;

0.3234266081279995;

0.3115742446747648;

0.2956928746405886;

0.2753356194643966;

0.25;

0.2191607726079998;

0.1823147469324297;

0.1390405911052287;

0.08907709254369402;

0.03242380492799995;

-0.0305315256319997;

-0.09885389980958765;

-0.1708650518003707;

-0.2439047033126906;

-0.3140428421120009;

-0.37573632;

-0.421422602687283;

-0.4410430415962107;

-0.4214875752087541;

-0.3459523051519999;

-0.1932009297919987;

0.06327944431535025;
